0.215333694649633
0.18983361484644434
16.078787398410796
14.394183252192793
13.213113085560353
12.19578487349768
11.262709737199218
10.489308003677253
9.80213535316836
9.264426694238413
8.7016744227642
8.234058471998729
7.7692337202505035
7.453931309770045
7.067019844324678
6.7984556941106185
6.4805521856422645
6.220493331046493
5.9321998203139445
5.702597379484692
5.5731537645864275
5.378761257325714
5.159592581525146
4.989701796942946
4.853861087176659
4.6871737183395625
4.580829863611438
4.450677002640724
4.309060723372565
4.172576651674532
4.053544064888065
3.9629851139406607
3.876530546715605
3.7693147184298
3.6910514862381922
3.5862873716892194
3.510632289996322
3.433597551381424
3.3240803194026607
3.2831679241521625
3.1998024257224427
3.112826299395138
3.0920373681819724
3.0204437153291472
2.9729530994822455
2.909860689145855
2.860120824564851
2.7958221713885973
2.7656132744174795
2.6913752881713444
2.6622883193342433
2.586446077423618
2.576838091341485
