0.22910185461053573
0.0
16.852450798430443
15.363788079422985
13.91424164130726
12.77474183967883
11.9586972003606
11.072282624276268
10.27857918428668
9.695320112069396
9.13774311638307
8.680866497588106
8.312568896375772
7.864189428156922
7.442464244087138
7.197841222655261
6.869533008565964
6.570994958515187
6.271302186599279
6.091449647613121
5.817993889944288
5.647272296836635
5.429688767612164
5.266820546052549
5.109549315382621
4.937067976278021
4.791879167955012
4.662188706782981
4.533642704554394
4.374008689816888
4.278660638892208
4.157588111296402
4.082849160410165
3.975864737870423
3.891599462257976
3.769758539646054
3.717591673574314
3.6393337395672125
3.5459216478279028
3.454046397075259
3.3643407182406206
3.3377431674308404
3.246983246105357
3.1711524718252133
3.1171023910819455
3.0427779036142772
3.0122528339699897
2.964399110692781
2.9278047238844502
2.8448697911655927
2.8111722326447675
2.7370375150147424
2.7005646384492255
