0.7175002880140599
0.2113906733856794
17.835398721136208
16.006449706248745
14.68506657625232
13.447308254501504
12.491323342088322
11.683824754756294
10.891688273299149
10.318128199258023
9.6827693215822
9.186848803998386
8.696780320010646
8.21970392144218
7.845831954377938
7.468721725008467
7.219653968504235
6.918937862087237
6.640612023125942
6.427674180055695
6.207744870040242
5.938851084282068
5.750619206563774
5.566713334485958
5.364008096951241
5.22550420311465
5.094604670047046
4.935549701876895
4.779585122873132
4.6195557246583006
4.549674833250273
4.419496643683215
4.271894462799611
4.189304559586878
4.095107397518035
3.997544478261207
3.925338652216001
3.8353818434959033
3.724593407952259
3.6837463242769397
3.593576257850849
3.472828275132009
3.4503300185954093
3.3267451458211377
3.2969556479750137
3.227507638176809
3.177310113705454
3.117634847053162
3.061092118474264
3.0234935112345314
2.9572000632811917
2.8773117004421693
2.854824957833617
