0.19037931613264703
15.915536471362667
14.233491724415217
12.797872475114339
11.71954221414742
10.818955316669355
9.975665619583694
9.305733742517296
8.667765901769368
8.170693598811626
7.655483011472021
7.286011780144452
6.931765264393849
6.6372956218879064
6.295163982003761
6.019212760397249
5.752483336207478
5.512296313206598
5.310602273883362
5.1181508826819595
4.891428984601852
4.7832613310028576
4.613078239807482
4.450921579524408
4.264083613857195
4.132467668769904
4.021276921799725
3.919282109933398
3.8189552415738044
3.699643647626013
3.6356033458462087
3.550894992994522
3.3915263501831268
3.309349637356192
3.244633107487843
3.1909039180000933
3.108186796855202
3.063627048161708
2.9846913087534914
2.9316411627844015
2.8775711587907837
2.814718883887372
2.767662651796601
2.7235897865719663
2.6465658894128223
2.552001282493121
2.555258447706092
2.470284180899206
2.426640966843278
2.393557196446193
2.3510857959060747
2.309611210859962
2.269576398870698
