0.20458005022010212
0.0
15.277446939918118
13.828638818794484
12.674299809290677
11.637050329807447
10.736358054597204
10.029693704543309
9.33421402023773
8.83839363875249
8.356269122644303
7.891725544175049
7.450178346009406
7.093136558807847
6.810646996372831
6.498818984055042
6.202129948064524
5.95766927686706
5.6946260186526585
5.484386437351144
5.2808119791992425
5.1300148873107325
4.948384439518037
4.766593212993373
4.663391786077062
4.511419706954044
4.316312679068777
4.191472558380088
4.109165224887005
4.005224434321579
3.9122079665831286
3.802353864800091
3.7303506831423268
3.6061469915959106
3.5522779989327464
3.426757021000526
3.3297729522541633
3.2562770382769193
3.189412408554649
3.111267501915551
3.0742507435091975
3.028728944487189
2.9584402488257746
2.9076063052115737
2.863608641133571
2.799964084507131
2.763510655879437
2.6762301576521192
2.637988220140023
2.5844248432137062
2.5368612381588482
2.49404144467636
2.430552986412924
