0.16084668241454012
13.456625474226596
12.020620653044208
10.91016753176146
9.889278953824657
9.14444829195109
8.439528859744529
7.852747658125274
7.364622904427077
6.923097589076948
6.4968183424549295
6.234923608875969
5.844766979666874
5.560737112659628
5.351666755921028
5.108345876210153
4.904925330801656
4.646473768278452
4.482313719333442
4.274153174128924
4.164294818787326
4.023881986047829
3.9338669402867876
3.764636384844438
3.668541238623581
3.5081265987311467
3.399417633720776
3.305464672503968
3.2102309545145133
3.1610910748838252
3.06652740604452
2.984069137663757
2.915486566199525
2.872079192201525
2.8061409106576765
2.715734557895357
2.6432018720994845
2.5455904794208575
2.506492892122971
2.4426418276348763
2.4106519747371737
2.3733912304152014
2.310275736868956
2.2906440535052752
2.2294756897687806
2.2128133869781146
2.174113379766891
2.1142106944341252
2.0984346456121643
2.0561771997078027
2.0023811248616985
1.9729346131090801
1.9032164767737527
