0.17944097685233998
14.896530660209475
13.346011563876937
12.062243101778368
10.991844850247446
10.168843635269015
9.444981771241983
8.751925790542124
8.261081837799516
7.673759353147388
7.23668353343901
6.903825692294249
6.523365867464633
6.226596386023143
5.939839296527455
5.673329763764579
5.436132196713716
5.210748954291136
5.000744518569658
4.824461637649133
4.64867270135553
4.454760524081695
4.315918996044996
4.168918885946551
4.055987145307788
3.92069963900831
3.7962407862369
3.727717037266366
3.627804668368706
3.484784513777249
3.374311889651039
3.2937097395941266
3.2005668576489947
3.139548823890497
3.0751858670278294
3.0265121725019744
2.9516041064400906
2.8874321399842278
2.8287726587620625
2.782622526828887
2.699742590596669
2.655266362638669
2.5893792248955503
2.5094238957966417
2.4713989733845723
2.42597481359453
2.3774627175606837
2.3298171854577596
2.307095063383555
2.268286872022411
2.220607910875894
2.181961591082308
2.1699309711225627
