0.19299931128798306
16.175418359046763
14.41068968954814
12.97439998696004
11.936645852023945
10.913097812102059
10.156950633436443
9.466194091321606
8.862435372745134
8.31281910750655
7.786567591845999
7.402576513338655
7.056160465097653
6.688728569258876
6.375438634945642
6.08926486876795
5.8384775995043245
5.601345560092733
5.37488149870329
5.197808920279212
5.013211255331258
4.852049278908593
4.648408089744185
4.4918739084619865
4.335435091657317
4.2112171721480705
4.113321014833173
4.008908764471222
3.898872214465013
3.7590481210814604
3.695606002890952
3.5873572683320845
3.486946366994474
3.3457941700453846
3.3029937234895503
3.2337455514721483
3.1636173967428634
3.09027884143537
3.035886980560383
2.960016642634032
2.9088320136909167
2.851884132921669
2.7951327800237467
2.737706193537832
2.704358851202201
2.6610891526637976
2.537011883668823
2.4956621928021807
2.4711052876469903
2.4288840349427745
2.388462354583364
2.355157738522428
2.316207375088375
