12375286 2432483
12368468 2439499
12360365 2447485
12358294 2449175
12333338 2474302
12363557 2444337
12359059 2448502
12348003 2459712
12355058 2452612
12365168 2442729
12363396 2444195
12354929 2452839
12346208 2461504
12355854 2452006
12360415 2447244
12337668 2469892
12359807 2447887
12358835 2449035
12333221 2474088
12474825 2334580
12612745 2198651
12792975 2021620
12933285 1883344
13081810 1736759
13152871 1666335
13286960 1534216
13370167 1452150
13493587 1330276
13616861 1208572
13702490 1123937
13819835 1007908
13869414 958939
13971192 858158
14036111 793999
14096272 734339
14187016 644548
14242961 589114
14302903 529932
14361668 471561
14393052 440540
14445738 388164
14526858 307906
14547784 287228
14597382 237754
14637564 198039
14662904 173054
14685667 150265
14717885 118313
14738510 97932
14763649 73065
14779278 57555
14791612 45256
14797129 39782
14811043 25989
14823583 13526
14827943 9197
14831385 5794
14834658 2524
14836585 641
14837051 161
14837246 0
14837249 0
14837245 0
14837214 0
14837220 0
14837243 0
14837269 0
14837216 0
14837241 0
14837242 0
14837240 0
14837258 0
14837260 0
14837262 0
14837230 0
14837244 0
14837252 0
14837253 0
14837261 0
14837258 0
14837241 0
14837266 0
14837259 0
14837264 0
14837228 0
14837252 0
14837247 0
14837278 0
14837288 0
14837271 0
14837278 0
14837272 0
14837260 0
14837278 0
14837271 0
14837261 0
14837275 0
14837278 0
14837280 0
14837269 0
14837279 0
14837278 0
14837286 0
14837284 0
14837294 0
14837277 0
14837283 0
14837275 0
14837289 0
14837282 0
14837281 0
14837301 0
14837280 0
14837309 0
14837291 0
14837304 0
14837297 0
14837304 0
14837306 0
14837301 0
14837294 0
14837308 0
14837310 0
14837284 0
14837307 0
14837298 0
14837287 0
14837310 0
14837284 0
14837299 0
14837290 0
14837317 0
14837316 0
14837327 0
14837308 0
14837314 0
14837308 0
14837310 0
14837305 0
14837309 0
14837311 0
14837318 0
14837323 0
14837322 0
14837334 0
14837308 0
14837320 0
14837311 0
14837335 0
14837346 0
14837329 0
14837314 0
14837315 0
14837347 0
14837320 0
14837342 0
14837317 0
14837335 0
14837330 0
14837345 0
14837345 0
14837344 0
14837352 0
14837343 0
14837340 0
14837346 0
14837348 0
14837352 0
14837338 0
14837339 0
14837344 0
14837341 0
14837336 0
14837347 0
14837360 0
14837346 0
14837352 0
14837354 0
14837349 0
14837354 0
14837344 0
14837360 0
14837349 0
14837357 0
14837349 0
14837346 0
14837353 0
14837355 0
14837344 0
14837355 0
14837346 0
14837370 0
14837356 0
14837360 0
14837364 0
14837364 0
14837366 0
14837365 0
14837372 0
14837374 0
14837376 0
14837355 0
14837373 0
14837370 0
14837368 0
14837354 0
14837374 0
14837376 0
14837376 0
14837377 0
14837365 0
14837374 0
14837387 0
14837372 0
14837373 0
14837363 0
14837387 0
14837365 0
14837375 0
14837390 0
14837365 0
14837397 0
14837375 0
14837386 0
14837385 0
14837385 0
14837391 0
14837377 0
14837371 0
14837385 0
14837380 0
14837374 0
14837384 0
14837373 0
14837365 0
14837393 0
14837397 0
14837396 0
14837390 0
14837382 0
14837368 0
14837388 0
14837381 0
14837378 0
14837400 0
14837386 0
14837394 0
14837399 0
14837393 0
14837385 0
14837397 0
14837390 0
14837399 0
14837388 0
14837408 0
14837395 0
14837401 0
14837390 0
14837390 0
14837399 0
14837397 0
14837411 0
14837397 0
14837409 0
14837396 0
14837416 0
14837408 0
14837409 0
14837397 0
14837407 0
14837405 0
14837397 0
14837406 0
14837413 0
14837407 0
14837386 0
14837411 0
14837404 0
14837411 0
14837412 0
14837403 0
14837410 0
14837412 0
14837405 0
14837412 0
14837402 0
14837396 0
14837416 0
14837405 0
14837405 0
14837407 0
14837394 0
14837420 0
14837414 0
14837414 0
14837429 0
14837412 0
14837411 0
14837418 0
14837419 0
14837421 0
14837423 0
14837428 0
14837421 0
14837411 0
14837416 0
14837418 0
14837428 0
14837413 0
14837420 0
14837420 0
14837419 0
14837422 0
14837422 0
14837422 0
14837428 0
14837419 0
14837442 0
14837418 0
14837437 0
14837425 0
14837412 0
14837424 0
14837423 0
14837426 0
14837419 0
14837412 0
14837439 0
14837430 0
14837416 0
14837429 0
14837430 0
14837432 0
14837412 0
14837427 0
14837431 0
14837432 0
14837426 0
14837427 0
14837428 0
14837439 0
14837450 0
14837440 0
14837435 0
14837422 0
14837430 0
14837433 0
14837442 0
14837429 0
14837417 0
14837433 0
14837433 0
14837434 0
14837437 0
14837423 0
14837439 0
14837425 0
14837443 0
14837438 0
14837427 0
14837446 0
14837450 0
14837433 0
14837430 0
14837445 0
14837452 0
14837437 0
14837453 0
14837453 0
14837450 0
14837444 0
14837451 0
14837447 0
14837428 0
14837447 0
14837451 0
14837433 0
14837442 0
14837435 0
14837454 0
14837432 0
14837446 0
14837453 0
14837442 0
14837440 0
14837440 0
14837444 0
14837431 0
14837437 0
14837447 0
14837435 0
14837447 0
14837456 0
14837449 0
14837457 0
14837446 0
14837448 0
14837449 0
14837447 0
14837445 0
14837444 0
14837438 0
14837449 0
14837444 0
14837450 0
14837451 0
14837439 0
14837453 0
14837451 0
14837441 0
14837456 0
14837440 0
14837443 0
14837443 0
14837456 0
14837454 0
14837453 0
14837460 0
14837452 0
14837452 0
14837457 0
14837447 0
14837453 0
14837451 0
14837454 0
14837454 0
14837455 0
14837469 0
14837462 0
14837452 0
14837470 0
14837446 0
14837469 0
14837450 0
14837451 0
14837453 0
14837453 0
14837465 0
14837450 0
14837474 0
14837444 0
14837467 0
14837460 0
14837467 0
14837466 0
14837455 0
14837480 0
14837466 0
14837459 0
14837474 0
14837474 0
14837460 0
14837465 0
14837468 0
14837466 0
14837463 0
14837462 0
14837456 0
14837464 0
14837470 0
14837476 0
14837479 0
14837466 0
14837470 0
14837474 0
14837475 0
14837469 0
14837482 0
14837468 0
14837468 0
