28012929 5583094
27976334 5619173
28053187 5543252
27959151 5636670
27999525 5595934
28042558 5553054
28006242 5588934
28003677 5592511
28009898 5585411
27985013 5610569
27957078 5638346
28025323 5570177
27984226 5611236
27995053 5600493
27953617 5641806
28001311 5594584
28036626 5559399
28005869 5589967
28065186 5530865
28297650 5299909
28579691 5020361
28989924 4612517
29289082 4315543
29666687 3939997
29856089 3751676
30120666 3489129
30352402 3258764
30594913 3016940
30871255 2742131
31050708 2563863
31309585 2306317
31404915 2211518
31609047 2008315
31822354 1796164
31983817 1635146
32138761 1481277
32248770 1371383
32420540 1200678
32533231 1088372
32669713 951905
32752885 869658
32920090 702874
32972031 651145
33086774 536652
33184817 439370
33222493 401384
33273806 350353
33368965 255871
33412582 212418
33457897 167265
33486528 138651
33522266 102721
33527421 97904
33564442 61010
33594588 30949
33596130 29440
33617826 7797
33615230 10391
33624569 1093
33624198 1465
33625682 0
33625669 0
33625672 0
33625669 0
33625656 0
33625678 0
33625678 0
33625675 0
33625692 0
33625687 0
33625678 0
33625701 0
33625689 0
33625678 0
33625683 0
33625689 0
33625697 0
33625686 0
33625695 0
33625714 0
33625688 0
33625707 0
33625707 0
33625698 0
33625704 0
33625700 0
33625688 0
33625711 0
33625703 0
33625702 0
33625687 0
33625680 0
33625692 0
33625738 0
33625709 0
33625718 0
33625696 0
33625729 0
33625721 0
33625712 0
33625727 0
33625726 0
33625718 0
33625732 0
33625716 0
33625716 0
33625693 0
33625699 0
33625719 0
33625682 0
33625717 0
33625735 0
33625728 0
33625738 0
33625721 0
33625741 0
33625748 0
33625732 0
33625735 0
33625745 0
