28863609 6102043
28843492 6122397
28825139 6139998
28842431 6123546
28834944 6130725
28879588 6086572
28857548 6108115
28839963 6125258
28845630 6120241
28836536 6129339
28844362 6121094
28867634 6098321
28851786 6114033
28833069 6133083
28822188 6143506
28824069 6141679
28766951 6198568
28847020 6118393
28825911 6138959
29180452 5787512
29470089 5500146
29895603 5077319
30190602 4783900
30530999 4444962
30798692 4179818
31069509 3910437
31252793 3728840
31569521 3413856
31822935 3161570
32045274 2940465
32336925 2650012
32438370 2549365
32695539 2293197
32883980 2106064
33059533 1931223
33291112 1700706
33379507 1612131
33552860 1439599
33722697 1270479
33783250 1210554
33883095 1111201
34074160 920769
34128061 867034
34275970 719689
34395988 600245
34440807 555515
34526945 469553
34611122 385784
34664569 332520
34748928 248452
34765948 231487
34822540 175069
34828626 169001
34892974 104841
34922499 75424
34934646 63282
34959882 38138
34967597 30462
34983349 14788
34988802 9302
34995486 2632
34998154 0
34998146 0
34998169 0
34998141 0
34998169 0
34998182 0
34998137 0
34998170 0
34998142 0
34998161 0
34998187 0
34998186 0
34998161 0
34998184 0
34998180 0
34998188 0
34998185 0
34998176 0
34998180 0
34998188 0
34998186 0
34998170 0
34998202 0
34998182 0
34998190 0
34998193 0
34998219 0
34998189 0
34998201 0
34998183 0
34998192 0
34998188 0
34998196 0
34998213 0
34998209 0
34998204 0
34998192 0
34998177 0
34998186 0
34998186 0
34998202 0
34998193 0
34998209 0
34998213 0
34998210 0
34998194 0
34998230 0
34998213 0
34998243 0
34998207 0
34998207 0
34998211 0
34998208 0
34998234 0
34998220 0
34998221 0
34998221 0
34998217 0
34998234 0
