27.07762759772228
26.393800140728054
25.874525605625852
25.39676157914907
25.00779713765106
24.89236452254407
24.525361509291667
24.070316944643814
23.750592094110477
23.596844800683062
23.101042408252997
22.907635040126294
22.302447404772586
21.960863309657707
21.77526621184843
21.35353330734614
21.123429764637823
20.867671000175786
20.628750001985463
20.199936739468384
20.032516768365845
19.97078035165544
19.58119855389517
19.44849640686175
19.05878458215552
19.020544144255204
18.662051044378025
18.50206989100498
18.276819509337482
18.08383805388483
17.94367177727432
17.688417389713052
17.582456242980697
17.32515826644223
17.075680886021694
16.867408205904326
16.77857409231482
16.41500602571741
16.498841781451915
16.213636824759103
15.999626920442008
15.868659858645605
15.708095752294621
15.433434813364087
15.340072011628957
15.257173708430946
15.164212745848905
14.998993324032075
14.789753123364118
14.696468970519781
14.53384024277484
14.514678760195466
14.261605667876271
14.112128245834446
14.054962770083753
13.950345662240178
13.867411523654606
13.699015313454025
13.602626413253192
13.502877565628609
13.343278379314125
13.367657500913195
13.240014915331244
13.089058801080363
12.914774165009042
12.796693021665964
12.821346036420268
12.608044281291997
12.532997740536763
12.337244821583877
12.392877476620697
12.233417329149876
12.17555926300593
12.066674995536992
11.919855632353993
11.944376893626327
11.921041197976548
11.7272355673714
11.667571160549624
11.630137912133755
11.526744670763842
11.474238104216413
11.27106663589146
11.177116257995449
11.183323803369094
11.112837832224095
11.072316428587937
10.973086760632842
10.946674574583891
10.691113934567008
10.707966274825102
10.599172689091315
10.505639907650046
10.529184479693033
10.432281298376232
10.347504896307091
10.29889427521996
10.30633152633747
10.177766351510664
10.10826576520021
10.047940053484698
10.01291167519106
9.835915909753407
9.829007944373846
9.827005457036899
9.694374806455867
9.64417357064076
9.609581745288533
9.535532161845778
9.486117425969727
9.492564887668339
9.41549032625153
9.360314510801008
9.204061563192088
9.226523081044123
9.257075350988433
9.16898994061691
9.104679114175271
9.011232451283398
8.971957835440097
8.915320945061126
8.918527911283242
8.897913588738843
8.72508898995881
8.762102520153402
8.713687484323085
8.568689682647733
8.651839159198401
8.560887178843105
8.544545861919769
8.471806283917187
8.438696281354844
8.447241825853965
8.30204761885257
8.282023733759225
8.261144802323487
8.201675305957679
8.092165216665194
8.191751724072697
8.083115930027471
8.117066611941992
7.963934541301506
7.93897509294221
7.9858133427502365
7.8430273521899245
7.890743499280984
7.802168582490094
7.75765081039528
7.722526824290894
7.736636465684505
7.690185593174851
7.59208725748601
7.565896301360995
7.5851290242458935
7.52278434422903
7.490799718269236
7.462673760450524
7.416432983825275
7.384335968752498
7.337912687064545
7.3066409313360605
7.273987284901969
7.21312477218056
7.174550309440662
7.211149108847348
7.132909123127683
7.107388214639216
7.094501731696557
7.127117851329064
7.011227153339609
6.980847201187505
6.941755545844989
6.95271274175098
6.898041517075499
6.922259143308102
6.888204885838565
6.880898414526546
6.783865557028284
6.761219219617542
6.674423417541902
6.682584921290572
6.656322100428515
6.590567131244489
6.616551288992368
6.628757834175608
6.574691794722457
6.53914136705956
6.494783457413128
6.520426769438404
6.469300681991963
6.430240718044088
6.393371353937543
6.419458692173921
6.388111038204056
6.338278498908864
6.272036632478193
6.289538112103509
6.267850593992648
6.242376079416217
6.194007760885747
6.212339463479516
6.1848163900758895
6.127692915051312
6.174741277982357
6.057950731008443
6.057609704396737
6.0327535717518455
6.0054804406128595
5.964217734513477
5.932849447707667
5.973733406017823
5.965483764102025
5.92849485807044
5.883001675031141
5.900761957503887
5.89672795097586
5.826241691503109
5.8440973165375
5.820873472010176
5.767941203052105
5.737052068165508
5.699676050940455
5.705424142209976
5.703423244948563
5.634661341104084
5.6172480605937425
5.570989369978797
5.643219889703712
5.644958618073485
5.533370972710107
5.550816140067391
5.535389000331445
5.544144659335405
5.525997682795174
5.4549285764869175
5.421537941944898
5.4157726358631155
5.452926055553255
5.3956961242567605
5.398566769751206
5.316664576760668
5.373390533720382
5.301870498047192
5.262240433444115
5.295464509675686
5.231654373755146
5.255821510059568
5.19824915140158
5.239442058903878
5.1836109454920525
5.173125636652742
5.174251082867359
5.121109019830526
5.132154278767907
5.123145234156036
5.108417398564293
5.11736733871102
5.075295429316929
5.053478336644116
5.036644434536225
5.045518680720602
5.019974632163075
4.974424737694444
4.950149440035484
5.016328809164065
4.937359793229096
4.930186381373182
4.915871629804897
4.914651697281697
4.844485849510081
4.855844350391617
4.875016654048349
4.864936479666403
4.852829450623867
4.794817363331467
4.773752170436156
4.820130967575054
4.752007794822019
4.76645706771691
4.72959841705635
4.731345844946434
4.6871273366088015
4.7065488292789635
4.658537953654923
4.675446382796137
4.656156451650238
4.652189530516077
4.660760713843367
4.640124171944802
4.6161997762615465
4.570284339333748
4.574907076369811
4.551060411516158
4.544586630877147
4.517987255012605
4.572877864667451
4.5089781552453765
4.534719302546865
4.450742158277344
4.472275819837241
4.492255280617749
4.448087208858603
4.426160227327491
4.393732591772178
4.378116786895159
4.444836931124264
4.4001707950311815
4.3717871248731495
4.349099177253857
4.333726645918228
4.314110438637272
4.295159767118123
4.367573987004203
4.319069682192355
4.29308592854034
4.2743315413136
4.3052111884242645
4.27927034643895
4.240638621252717
4.246687553224774
4.2243458290912255
4.209043678502811
4.219889480172963
4.211819036254489
4.179488051396093
4.182929794214262
4.19555809183631
4.174343572170965
4.163618543387165
4.117106132908357
4.104492957240973
4.1106926639537145
4.076614588935506
4.094245574891554
4.060968363571305
4.078400611154512
4.019233952709733
4.061252131856454
4.017892482901016
4.009206714201991
4.009021500193365
4.016497483722448
3.9662571156227564
3.9921152213348594
3.98346030047755
3.984123556790121
3.93907830312316
3.971290101229679
3.9226216999986536
3.963163170105486
3.9295861321416963
3.8948893456422637
3.900460257931081
3.882849909574884
3.8780256552199424
3.9096564504721965
3.862307425993367
3.815567600305558
3.8646606823519507
3.854286605748628
3.7977392690799703
3.823690481148378
3.8037052907405267
3.79910872713499
3.7918826770765555
3.7663209191699862
3.7438774328227487
3.770791761016535
3.748971348647251
3.7577181862511293
3.7491481764123225
3.736293597803319
3.7303101562682874
3.7238840294163404
3.6951776617925405
3.680743645248099
3.7039094628900555
3.7051876782247293
3.6372494353543514
3.702204294736439
3.674958675542684
3.6538182695761767
3.667331690857568
3.6397194938704547
3.6011403164686726
3.5958501715041393
3.6019267082213537
3.6027686797115828
3.6203988799055242
3.582613765752167
3.5888720945552723
3.5755301856392316
3.5500705894122624
3.5286740097653526
3.519547208359238
3.5235713111226006
3.5328061471661294
3.539580112114215
3.548112768844612
3.505131893624957
3.4898365391871358
3.5151863030663755
3.4902607303755215
3.4610476175561327
3.4850822346639507
3.4438643243046774
3.439108034649532
3.4462454896180588
3.4702517245110904
3.436552314767732
3.448958243444622
3.395128518629308
3.434866987203182
3.3883985872756077
3.3787491568699304
3.4039433480731827
3.3885288038885664
3.3640684749600043
3.3423548822013576
3.331305044092187
3.3372135219416803
3.3706669733396186
3.3465725267805055
3.309881258320347
3.3291101655255826
3.305396909091178
3.3401174687843014
3.313433540411263
3.2838339679560202
3.3007496400664493
3.2943548846605974
3.2901280870309324
3.2648212481479186
3.2690108575816517
3.2982273602229224
3.2542913688376123
3.2241117857345056
3.2425209665780628
3.2339054850040836
3.2104112937210907
