12698268 2712480
12703811 2706925
12725730 2684954
12730769 2680045
12702813 2707684
12695872 2714364
12711181 2699341
12734679 2676420
12700997 2709656
12729157 2681808
12700408 2710110
12729980 2681229
12710840 2699926
12689254 2721354
12719164 2691543
12722673 2688077
12736795 2674361
12725647 2685207
12736794 2673768
12869047 2544108
12990574 2424484
13157837 2259721
13322194 2097981
13471984 1949886
13587159 1836465
13708999 1716267
13804751 1621476
13915201 1512553
14059701 1369917
14123630 1306562
14269352 1162697
14324500 1107959
14414791 1018853
14501569 932793
14569834 865450
14667530 768404
14715637 721108
14793025 644318
14858089 580034
14914325 524247
14962522 476310
15047714 392168
15063682 376273
15109508 330813
15183832 257061
15192613 248398
15222850 218376
15266075 175484
15305665 136044
15327041 114831
15342390 99507
15364268 77948
15372810 69507
15399621 42910
15411448 31177
15415086 27401
15430104 12657
15428347 14376
15435789 7005
15439513 3279
15441338 1488
15442825 0
15442850 0
15442860 0
15442873 0
15442857 0
15442838 0
15442865 0
15442873 0
15442863 0
15442859 0
15442857 0
15442870 0
15442844 0
15442875 0
15442872 0
15442879 0
15442851 0
15442872 0
15442853 0
15442876 0
15442861 0
15442869 0
15442874 0
15442881 0
15442886 0
15442877 0
15442890 0
15442891 0
15442890 0
15442867 0
15442870 0
15442892 0
15442899 0
15442899 0
15442867 0
15442883 0
15442896 0
15442887 0
15442893 0
15442888 0
15442901 0
15442903 0
15442893 0
15442865 0
15442889 0
15442897 0
15442910 0
15442873 0
15442882 0
15442928 0
15442923 0
15442899 0
15442904 0
15442915 0
15442917 0
15442892 0
15442901 0
15442894 0
15442921 0
15442917 0
15442917 0
15442910 0
15442901 0
15442906 0
15442920 0
15442914 0
15442917 0
15442923 0
15442900 0
15442926 0
15442930 0
15442919 0
15442922 0
15442948 0
15442936 0
15442936 0
15442913 0
15442942 0
15442936 0
15442930 0
15442938 0
15442941 0
15442946 0
15442947 0
15442921 0
15442955 0
15442938 0
15442925 0
15442925 0
15442953 0
15442943 0
15442934 0
15442938 0
15442937 0
15442948 0
15442953 0
15442944 0
15442957 0
15442953 0
15442950 0
15442929 0
15442919 0
15442953 0
15442958 0
15442949 0
15442961 0
15442971 0
15442955 0
15442952 0
15442958 0
15442959 0
15442960 0
15442969 0
15442970 0
15442947 0
15442988 0
15442980 0
15442970 0
15442954 0
15442958 0
15442952 0
15442971 0
15442979 0
15442969 0
15442970 0
15442979 0
15442972 0
15442974 0
15442956 0
15442982 0
15442973 0
15442981 0
15442975 0
15442989 0
15442976 0
15442981 0
15442971 0
15442984 0
15442980 0
15442979 0
15442992 0
15442980 0
15442996 0
15442986 0
15442983 0
15442979 0
15442987 0
15442990 0
15442980 0
15442999 0
15442968 0
15442994 0
15442997 0
15443005 0
15442988 0
15442989 0
15442996 0
15443006 0
15442988 0
15442997 0
15442999 0
15442998 0
15443003 0
15442998 0
15443001 0
15443013 0
15442992 0
15442993 0
15442993 0
15443001 0
15443001 0
15443006 0
15443000 0
15443014 0
15442990 0
15443009 0
15442988 0
15442993 0
15443000 0
15442984 0
15442997 0
15443005 0
15443018 0
15443014 0
15443017 0
15443016 0
15443000 0
15443003 0
15442998 0
15442995 0
15443017 0
15443018 0
15443022 0
15443019 0
15443007 0
15443016 0
15443018 0
15443015 0
15443028 0
15443017 0
15443015 0
15443020 0
15443011 0
15443012 0
15443006 0
15443023 0
15443016 0
15443032 0
15443021 0
15443004 0
15443021 0
15443016 0
15443027 0
15443011 0
15443025 0
15443013 0
15443036 0
15443033 0
15443024 0
15443032 0
15443027 0
15443030 0
15443020 0
15443021 0
15443025 0
15443013 0
15443022 0
15443023 0
15443036 0
15443025 0
15443030 0
15443028 0
15443011 0
15443034 0
15443028 0
15443031 0
15443026 0
15443027 0
15443033 0
15443026 0
15443028 0
15443039 0
15443024 0
15443039 0
15443043 0
15443032 0
15443039 0
15443024 0
15443033 0
15443038 0
15443048 0
15443036 0
15443028 0
15443037 0
15443043 0
15443045 0
15443047 0
15443042 0
15443027 0
15443037 0
15443039 0
15443041 0
15443051 0
15443046 0
15443060 0
15443038 0
15443038 0
15443042 0
15443041 0
15443046 0
15443034 0
15443038 0
15443059 0
15443053 0
15443035 0
15443033 0
15443050 0
15443053 0
15443056 0
15443055 0
15443041 0
15443042 0
15443027 0
15443054 0
15443055 0
15443059 0
15443056 0
15443052 0
15443048 0
15443061 0
15443046 0
15443049 0
15443043 0
15443052 0
15443047 0
15443062 0
15443063 0
15443062 0
15443058 0
15443044 0
15443067 0
15443049 0
15443052 0
15443054 0
15443064 0
15443066 0
15443048 0
15443066 0
15443057 0
15443046 0
15443054 0
15443043 0
15443069 0
15443066 0
15443060 0
15443054 0
15443052 0
15443068 0
15443059 0
15443066 0
15443065 0
15443055 0
15443059 0
15443073 0
15443062 0
15443063 0
15443052 0
15443061 0
15443074 0
15443056 0
15443059 0
15443060 0
15443050 0
15443074 0
15443078 0
15443065 0
15443057 0
15443063 0
15443060 0
15443070 0
15443067 0
15443064 0
15443068 0
15443061 0
15443060 0
15443067 0
15443067 0
15443062 0
15443064 0
15443072 0
15443068 0
15443081 0
15443066 0
15443067 0
15443073 0
15443063 0
15443074 0
15443071 0
15443080 0
15443063 0
15443058 0
15443076 0
15443066 0
15443069 0
15443066 0
15443056 0
15443082 0
15443071 0
15443068 0
15443072 0
15443079 0
15443074 0
15443085 0
15443069 0
15443067 0
15443063 0
15443059 0
15443073 0
15443062 0
15443084 0
15443075 0
15443086 0
15443076 0
15443076 0
15443083 0
15443069 0
15443083 0
15443080 0
15443071 0
15443077 0
15443076 0
15443075 0
15443076 0
15443073 0
15443081 0
15443076 0
15443078 0
15443074 0
15443080 0
15443076 0
15443077 0
15443073 0
15443072 0
15443085 0
15443075 0
15443078 0
15443080 0
15443082 0
15443087 0
