30447838 7257564
30510661 7195221
30450807 7254421
30428152 7276996
30445854 7259402
30463882 7241536
30419547 7285417
30452602 7252881
30447798 7257335
30467315 7238187
30462439 7242993
30404915 7300053
30425598 7279483
30467558 7237898
30449981 7255440
30466661 7238756
30491313 7214352
30492750 7212129
30509454 7195993
30880805 6827972
31170768 6539147
31614610 6098279
31995362 5720105
32328563 5389747
32612165 5106865
32950177 4771340
33143752 4579192
33481535 4243397
33778375 3948099
33973609 3754194
34360706 3368792
34491411 3238341
34732908 2998407
34954074 2778266
35132493 2600105
35371629 2362706
35520840 2214110
35777262 1958879
35900854 1835720
36040348 1696946
36157149 1579713
36377436 1361192
36465168 1273418
36593312 1146057
36778142 961927
36798540 941653
36921175 819077
37034398 706148
37125166 616103
37226958 514605
37269531 471855
37368460 373567
37407435 334658
37483223 259179
37526643 215888
37566761 175884
37603445 139276
37626131 116663
37664560 78345
37666574 76358
37687955 55015
37710402 32627
37727120 15959
37730293 12788
37740297 2844
37742710 411
37743129 0
37743162 0
37743155 0
37743129 0
37743138 0
37743148 0
37743155 0
37743149 0
37743201 0
37743167 0
37743171 0
37743156 0
37743155 0
37743181 0
37743171 0
37743166 0
37743171 0
37743163 0
37743164 0
37743143 0
37743156 0
37743163 0
37743153 0
37743176 0
37743194 0
37743177 0
37743159 0
37743162 0
37743194 0
37743189 0
37743194 0
37743185 0
37743185 0
37743181 0
37743197 0
37743193 0
37743160 0
37743209 0
37743178 0
37743195 0
37743196 0
37743186 0
37743188 0
37743189 0
37743198 0
37743201 0
37743197 0
37743202 0
37743199 0
37743228 0
37743192 0
37743202 0
37743211 0
37743191 0
