13449879 3166742
13423012 3193464
13412425 3204186
13441755 3174964
13415590 3201091
13406803 3209589
13423701 3192914
13407515 3209268
13429064 3187775
13436675 3180077
13420043 3196364
13429828 3186836
13392014 3224246
13437327 3179524
13418175 3198432
13447842 3169016
13412226 3204360
13421857 3194570
13420639 3195964
13576854 3042304
13744224 2877365
13947560 2677082
14107158 2519989
14250596 2378517
14375889 2255065
14522049 2110862
14633970 2000272
14755928 1880166
14884045 1753320
14988491 1650276
15141674 1498825
15216184 1425041
15314855 1327357
15435774 1207854
15509342 1134907
15608242 1036899
15673711 972212
15770153 876671
15843054 804515
15910108 738012
15957712 691025
16037760 611555
16087826 561954
16154790 495661
16219570 431241
16245267 405749
16274265 377200
16344446 307505
16385910 266341
16425868 226699
16444077 208421
16489941 163032
16494090 158920
16536091 117206
16566229 87282
16569190 84326
16594461 59242
16602757 50979
16620023 33824
16620137 33710
16630575 23268
16640957 13010
16646180 7842
16647357 6672
16651913 2149
16653712 361
16654081 0
16654087 0
16654086 0
16654090 0
16654078 0
16654084 0
16654086 0
16654072 0
16654095 0
16654115 0
16654069 0
16654107 0
16654114 0
16654104 0
16654095 0
16654092 0
16654102 0
16654100 0
16654119 0
16654096 0
16654093 0
16654132 0
16654131 0
16654107 0
16654130 0
16654103 0
16654075 0
16654118 0
16654100 0
16654122 0
16654128 0
16654117 0
16654125 0
16654111 0
16654131 0
16654111 0
16654121 0
16654110 0
16654149 0
16654152 0
16654124 0
16654136 0
16654155 0
16654137 0
16654146 0
16654127 0
16654159 0
16654149 0
16654139 0
16654129 0
16654140 0
16654124 0
16654138 0
16654158 0
16654120 0
16654147 0
16654141 0
16654147 0
16654135 0
16654147 0
16654140 0
16654135 0
16654131 0
16654160 0
16654154 0
16654152 0
16654131 0
16654149 0
16654146 0
16654148 0
16654165 0
16654170 0
16654169 0
16654154 0
16654159 0
16654174 0
16654149 0
16654182 0
16654163 0
16654199 0
16654180 0
16654178 0
16654161 0
16654175 0
16654174 0
16654149 0
16654164 0
16654171 0
16654176 0
16654196 0
16654174 0
16654158 0
16654185 0
16654188 0
16654181 0
16654178 0
16654189 0
16654168 0
16654192 0
16654184 0
16654189 0
16654176 0
16654205 0
16654192 0
16654186 0
16654180 0
16654189 0
16654194 0
16654193 0
16654199 0
16654190 0
16654190 0
16654189 0
16654207 0
16654210 0
16654193 0
16654180 0
16654195 0
16654195 0
16654177 0
16654192 0
16654202 0
16654189 0
16654223 0
16654211 0
16654231 0
16654213 0
16654200 0
16654200 0
16654203 0
16654202 0
16654195 0
16654216 0
16654210 0
16654197 0
16654218 0
16654234 0
16654219 0
16654215 0
16654201 0
16654222 0
16654213 0
16654222 0
16654206 0
16654216 0
16654210 0
16654208 0
16654203 0
16654224 0
16654204 0
16654230 0
16654222 0
16654223 0
16654229 0
16654224 0
16654218 0
16654226 0
16654230 0
16654222 0
16654220 0
16654223 0
16654232 0
16654227 0
16654209 0
16654227 0
16654237 0
16654226 0
16654225 0
16654238 0
16654233 0
16654228 0
16654221 0
16654237 0
16654240 0
16654234 0
16654244 0
16654236 0
16654229 0
16654249 0
16654227 0
16654247 0
16654248 0
16654256 0
16654244 0
16654250 0
16654249 0
16654239 0
16654241 0
16654237 0
16654238 0
16654262 0
16654247 0
16654251 0
16654248 0
16654245 0
16654239 0
16654248 0
16654237 0
16654252 0
16654248 0
16654249 0
16654247 0
16654261 0
16654250 0
16654249 0
16654252 0
16654252 0
16654259 0
16654246 0
16654257 0
16654248 0
16654263 0
16654275 0
16654253 0
16654266 0
16654266 0
16654248 0
16654245 0
16654251 0
16654255 0
16654254 0
16654258 0
16654258 0
16654264 0
16654249 0
16654259 0
16654243 0
16654251 0
16654258 0
16654250 0
16654261 0
16654246 0
16654253 0
16654260 0
16654261 0
16654255 0
16654260 0
16654259 0
16654272 0
16654246 0
16654257 0
16654263 0
16654267 0
16654273 0
16654289 0
16654274 0
16654280 0
16654259 0
16654264 0
16654266 0
16654263 0
16654265 0
16654257 0
16654282 0
16654274 0
16654264 0
16654269 0
16654272 0
16654279 0
16654254 0
16654276 0
16654279 0
16654277 0
16654276 0
16654283 0
16654281 0
16654265 0
16654278 0
16654277 0
16654276 0
16654279 0
16654294 0
16654275 0
16654277 0
16654276 0
16654281 0
16654269 0
16654280 0
16654275 0
16654287 0
16654288 0
16654268 0
16654283 0
16654282 0
16654282 0
16654276 0
16654278 0
16654287 0
16654279 0
16654273 0
16654293 0
16654287 0
16654285 0
16654272 0
16654274 0
16654277 0
16654293 0
16654276 0
16654288 0
16654297 0
16654288 0
16654274 0
16654275 0
16654275 0
16654299 0
16654291 0
16654286 0
16654292 0
16654294 0
16654273 0
16654281 0
16654294 0
16654294 0
16654284 0
16654300 0
16654289 0
16654293 0
16654281 0
16654278 0
16654274 0
16654300 0
16654295 0
16654289 0
16654300 0
16654286 0
16654295 0
16654292 0
16654304 0
16654280 0
16654298 0
16654291 0
16654288 0
16654298 0
16654295 0
16654273 0
16654303 0
16654298 0
16654301 0
16654292 0
16654294 0
16654298 0
16654289 0
16654299 0
16654312 0
16654307 0
16654289 0
16654306 0
16654317 0
16654306 0
16654298 0
16654293 0
16654297 0
16654298 0
16654300 0
16654290 0
16654306 0
16654301 0
16654313 0
16654294 0
16654297 0
16654305 0
16654301 0
16654295 0
16654303 0
16654308 0
16654308 0
16654307 0
16654312 0
16654302 0
16654297 0
16654299 0
16654294 0
16654291 0
16654301 0
16654305 0
16654301 0
16654303 0
16654312 0
16654301 0
16654307 0
16654309 0
16654299 0
16654306 0
16654306 0
16654314 0
16654301 0
16654315 0
16654317 0
16654307 0
16654312 0
16654303 0
16654310 0
16654293 0
16654318 0
16654299 0
16654305 0
16654307 0
16654306 0
16654315 0
16654309 0
16654317 0
16654300 0
16654327 0
16654308 0
