30887240 7503225
30853777 7536358
30877562 7512049
30839520 7551067
30860833 7529512
30810241 7579274
30814919 7575279
30889489 7500908
30820424 7569794
30834389 7555669
30843394 7547404
30898166 7492370
30882870 7507815
30812778 7576716
30886218 7504425
30862256 7527613
30919014 7470280
30861236 7528990
30809978 7579367
31153277 7239510
31567299 6828351
32048522 6349288
32413150 5988051
32754327 5649246
33078182 5326631
33415700 4990654
33581167 4825900
33924855 4485345
34291919 4120499
34458042 3955289
34847747 3567323
34974378 3441172
35202398 3214267
35506308 2912047
35636629 2782227
35889304 2530456
36054714 2365811
36310281 2111569
36433704 1988371
36592747 1830076
36718537 1705125
36956191 1468426
37044568 1380188
37211069 1214378
37365826 1060066
37388401 1037574
37530083 896466
37664984 761586
37713727 713282
37851409 576230
37870985 556613
37964518 463535
38015009 412748
38117823 310157
38187079 241595
38194885 233833
38257641 171247
38281693 146903
38321112 107960
38320902 108156
38346663 82082
38377813 51431
38400196 29098
38394688 34596
38419569 9781
38427723 1652
38428525 834
38429394 0
38429393 0
38429387 0
38429398 0
38429384 0
38429398 0
38429386 0
38429410 0
38429392 0
38429409 0
38429412 0
38429396 0
38429395 0
38429403 0
38429403 0
38429402 0
38429422 0
38429420 0
38429415 0
38429426 0
38429432 0
38429420 0
38429435 0
38429419 0
38429398 0
38429403 0
38429413 0
38429444 0
38429449 0
38429410 0
38429413 0
38429440 0
38429445 0
38429433 0
38429433 0
38429426 0
38429408 0
38429453 0
38429439 0
38429424 0
38429439 0
38429449 0
38429412 0
38429402 0
38429435 0
38429441 0
38429453 0
38429447 0
38429464 0
38429465 0
38429449 0
38429440 0
38429447 0
