31.911518829186072
31.589545389295107
30.724166782211668
30.60483896261394
29.82968703079642
29.456024766754314
29.113850416295236
28.836565104006194
28.24951964658771
27.643237096874312
27.481139098995982
27.06154480554891
26.56096094409313
26.19426015242769
25.899640274389697
25.484442459775174
25.247588179094343
24.859262455537365
24.319141709627146
24.113263526911034
24.01003479671902
23.778484038988886
23.55023807172318
23.068831435757648
22.924923746731267
22.598450781389147
22.285924897240054
22.12293231739904
21.870417048496627
21.46011777201216
21.176314056811435
21.136280849819123
20.89823315056106
20.738034383944886
20.41621461719841
20.126557497656158
19.965237949241583
19.722429970024677
19.545466169162765
19.387276944661302
18.98992874972634
18.934653193257454
18.634895190405693
18.584460444254155
18.326434867678405
18.142003875839972
18.05397456911507
17.880558495454952
17.81889616119546
17.444697863081547
17.339367483648275
17.252999543203543
16.928164969535874
16.947215018097413
16.67931253947123
16.700796360498952
16.553416273352557
16.362099757496296
16.199399253141404
16.08233379041858
15.9040813194051
15.849312113128672
15.645704086787909
15.519190655285612
15.32033936248054
15.187490661258972
15.241364777271063
15.08565360303917
15.018392594319526
14.822862234590254
14.80421550508126
14.588851169348382
14.45018473591632
14.32549927204543
14.209161996974672
14.102100617528013
14.014086571599577
13.919054474524456
13.801956699066613
13.790324554958579
13.579339632880512
13.604804769749862
13.503948500249884
13.426551790378916
13.232666889149316
13.190508621006538
13.142503468033599
13.107790388311837
12.947379970686061
12.839792040766206
12.707435106849164
12.735732703691728
12.585443934779983
12.586448843801126
12.459407808424608
12.37055701196443
12.283497576864992
12.244850354073474
12.085450417346557
11.992136194522175
12.003526898185122
11.893975670855525
11.775354805156642
11.705788903232536
11.603794881516741
11.599325768151289
11.607272801859763
11.447694009061895
11.42327403299333
11.331225059354374
11.280519935403504
11.169577323586422
11.150751145205723
11.136687772225537
10.937267147744684
10.832202213322557
10.83272900990427
10.868394883645756
10.754371191937711
10.627380548687572
10.650685114678105
10.545143321689174
10.626308691285566
10.498370762346166
10.383226556360407
10.413763015350549
10.313315424553092
10.223435687324447
10.13493606907263
10.106859261635663
10.085424307216066
10.038809459189814
10.039017460393826
9.878111090576818
9.845111773526515
9.845435195985157
9.832626579897886
9.664025913629832
9.633787671416464
9.55460578726208
9.58227331745207
9.500918810636433
9.45914757141837
9.390618785408034
9.411233924655448
9.283947702912364
9.193935853880657
9.254105311791841
9.260000800140851
9.135324234280747
9.066433756909175
9.052013996022371
8.963802483270706
9.015997817082326
8.925467807387705
8.902166090388674
8.868489638895245
8.807274277332867
8.775943312541152
8.745206144376372
8.744383340351877
8.617727501392174
8.630233080869775
8.541610739570816
8.487759617660423
8.462948805777742
8.496886434997954
8.463773264662567
8.36843853868383
8.346139210615107
8.273228984927368
8.301706156002442
8.239705986142821
8.199744270600412
8.182551183694883
8.20855494844452
8.151372995032414
8.063335547829157
8.053702432494383
8.01945485047829
8.01119843018687
7.946684666764143
7.916037351513382
7.923253550302706
7.864930626564078
7.825927766274686
7.78550031408764
7.757336906593245
7.778584035331378
7.687822670943532
7.703560459562732
7.570027721159682
7.6195668998810495
7.580847071766166
7.627284135206996
7.476274665261244
7.456389057103572
7.467084571451833
7.485994097382725
7.392094191611637
7.357258143244553
7.321539393158774
7.338215633200152
7.314321317429281
7.263487948929778
7.218807634292329
7.229101051313344
7.147151143857036
7.174740191161248
7.1232785104713505
7.086735035918027
7.042984339020466
7.0290626739243995
7.057611932927012
7.047222606636419
6.945037997774715
6.958264728631573
6.87723420084194
6.901124925678869
6.883818210698
6.780546882136177
6.78400838729719
6.77269722361536
6.77146993436534
6.7788831587852885
6.689230734486025
6.696714823822281
6.7016545926236635
6.593462558604205
6.57363941777083
6.595477300297516
6.574258944468358
6.516488068580384
6.59314609109922
6.525281790664508
6.465149048778461
6.444408826236006
6.4282386075771
6.412018426501695
6.3724617644461885
6.323969554109999
6.346443622893821
6.35864562503822
6.322516381696923
6.27475186051235
6.263406980912339
6.2610196902909525
6.221961618593182
6.216255418494748
6.229136469041818
6.193158902917102
6.143851053912203
6.151149954545295
6.0954592841227395
6.038152541742143
6.065468899898042
6.060535798246056
6.028456340495186
6.055982213265134
5.980039630866738
5.985672720438107
5.9501128015801354
5.901093690431001
5.964409107111401
5.892563856159004
5.867625396556548
5.855239031869023
5.861174706876386
5.827577628733966
5.845539095734414
5.79652707676408
5.798215153968674
5.762086459358031
5.731351717207544
5.714816003128995
5.6898839489707145
5.672074988733052
5.721908110431446
5.641347925305472
5.65627324409229
5.646104507939699
5.590152034359371
5.606466705790517
5.584689658770558
5.611666188944241
5.561311904025706
5.543523589785764
5.506348341651603
5.495187289404584
5.481122499862869
5.446576302722383
5.481056054054916
5.433882975955185
5.428208746552977
5.393699128835481
5.442980199208334
5.394974335107071
5.3854697458148255
5.374157043425539
5.333723186970683
5.320482094093413
5.294389828634603
5.294685539512434
5.297442631832064
5.250386429751641
5.226521500816197
5.245780410397065
5.193559682180051
5.193353836659817
5.195749077993059
5.140070169497396
5.186724960869395
5.157900594311368
5.136062634557877
5.131562480915118
5.0984432129595465
5.0966743164912005
5.08261867079138
5.074729846752989
5.0702569147604475
5.002802393595559
5.028091506143127
5.038656530602539
4.981470208802976
5.029674256322647
4.948967442339876
4.982116321857333
4.987701146714994
4.963785801259628
4.96751024315091
4.925237894346392
4.89987559533547
4.858109759871868
4.876243099893706
4.8510054610109075
4.844384934762938
4.865647389709521
4.833990931330914
4.812734431940762
4.775378138491096
4.797513637627707
4.783156954475782
4.772094120413669
4.79909806366307
4.716204516620601
4.755727552063777
4.723252369443344
4.684283893564579
4.747312967152802
4.652154170720042
4.678329761772909
4.643072319364491
4.665091967911449
4.643522793840111
4.614642791987972
4.640031265832096
4.601752134831688
4.589180235462522
4.580859213753035
4.575394306818225
4.54961113453518
4.583913552629046
4.532128118456549
4.490316248953893
4.501859372622503
4.527846053614703
4.515860694979615
4.506913049220084
4.492696276896267
4.463784576532318
4.455751096942245
4.450433221588189
4.449672717473749
4.422223283376589
4.424545503723916
4.383296543991246
4.419548219628432
4.365425257892798
4.366679307986651
4.35543259701637
4.345212498774292
4.319785109740428
4.358792109582621
4.311057468158902
4.293584000251128
4.290041314708391
4.259681913784652
4.278671610780862
4.317387022118501
4.249115966897005
4.280556848510333
4.22190165173804
4.221156822084472
4.227063758050674
4.190105646889291
4.2415942119043075
4.207150424002143
4.176063787461681
4.171682311326278
4.189071598021348
4.148827594460365
4.161483778949787
4.122537762383942
4.140277535106866
4.127042996071406
4.115370811813295
4.124854518027489
4.103145789423895
4.088951640103897
4.109185041784963
4.089554359002948
4.060881868449408
4.065641465357748
4.034749395046992
4.046093526465125
3.996395334168524
4.018052135327617
4.037033076738217
4.01344520586029
4.018038706440944
3.982778380889067
3.997914368093975
4.020565349379524
3.9959884885536896
3.976101473919032
3.946541714504756
3.9621798214608477
3.9392066957011025
3.904298270676529
3.935966646036279
3.917265263754373
3.910300312624902
3.9117231605482314
3.9081348073546813
3.88466169799357
3.862655515666952
3.83626219383279
3.8395553822358237
3.8540186485912793
3.833793939964851
