0.15267083995548006
12.803133966369895
11.450860565972226
10.448560102704333
9.442636037810281
8.701871751725196
8.058787936693912
7.470245765829206
7.074201570643119
6.619985676823434
6.206294500014176
5.905671705477689
5.62094231773389
5.324756578073701
5.061082699892206
4.86593404152061
4.649767282943568
4.4553518122507265
4.291668431338471
4.097200464404145
3.9597647306251282
3.844747340029894
3.6944849792445322
3.5931691626190716
3.47692247808227
3.371970408906951
3.259768451957606
3.14678773831023
3.068766819610714
3.000885745571378
2.9192646002050626
2.840473366764053
2.774367557939189
2.721188237317418
2.631021092835087
2.5756320137600426
2.500020188240919
2.447934388108931
2.397784369005449
2.326535587202528
2.2870970947275655
2.24893190356244
2.1896719138916696
2.1657259238913853
2.109519576051513
2.0850985120076526
2.0530058486515386
1.9946769254275125
1.9538983171343836
1.9417832472831762
1.9064111658354363
1.8716965508361372
1.8611414831480397
