0.0
13.520006269325949
12.139603437741364
10.979223466436146
10.044391936057787
9.28307492019307
8.505437029329741
7.971890811720815
7.471048376160042
6.998445893594475
6.567621908224261
6.216041284131866
5.937746183559508
5.619780460660126
5.357956882396083
5.127856131663092
4.905246195461155
4.727381580128412
4.534778738037408
4.373514181308639
4.182991133955879
4.034634127422837
3.8911206903981337
3.7895056986362086
3.677813826795841
3.5383954528699326
3.476443145756747
3.3471595521572395
3.264950254679192
3.152140108732509
3.0682697406478496
2.9924962867463365
2.9220422422060572
2.858685947691278
2.7897517846535314
2.727785017674438
2.6535624214024947
2.5916155866638437
2.5566048477647625
2.4857671381589057
2.4248046882112932
2.3574050923567023
2.3258377112525084
2.273503621552144
2.240486446531878
2.18780667576564
2.166993935648323
2.115589447100017
2.08477625341375
2.0385041304825533
2.016507585968475
1.9774414817870365
1.955700584157723
