0.3405022152035792
14.318327050949254
12.858744864806829
11.577497203774325
10.647081361555399
9.781406626491483
8.986160500264905
8.3762442744372
7.892888821259769
7.352870528272512
6.924589746479657
6.602989185834401
6.246282537194238
5.97901942494976
5.67159033732742
5.397233718600757
5.175986903556206
4.983060994847706
4.788809497871045
4.590454063658571
4.44335498557534
4.270523891960015
4.13919912643391
3.9923667724668426
3.843999487578203
3.7558749253980834
3.63826903981325
3.5300075729896574
3.437762587065057
3.343266548742659
3.2444008226074494
3.1532780460204486
3.0776569531228204
2.9997489814719427
2.931509755209382
2.868324778745031
2.806620595693755
2.741024486088519
2.6879206566799185
2.624817627446321
2.549274746234499
2.5150093638253463
2.4584486256611555
2.412340080441469
2.365357402472132
2.3113823715312565
2.2853065099043244
2.2266739100807262
2.1861270035786164
2.1686282881900443
2.12030609583479
2.073327569097526
2.055116706207915
