0.1790268424940723
15.10102295263592
13.459866483457684
12.233816759640142
11.214594453247829
10.268219026291574
9.539442369144702
8.853477013419624
8.275552076954106
7.747195898670969
7.316966241262525
6.947162045171271
6.577195326707923
6.2726637689908555
6.005506008778617
5.7160963952294725
5.464467782543392
5.2670188350084715
5.05167483888361
4.844341047016234
4.67571604457317
4.518905040149222
4.352205664233123
4.202801186975009
4.061111386021171
3.961814678742712
3.839832683680289
3.7339687446753214
3.6169482406254856
3.528769814039882
3.43718298921145
3.3356198095797165
3.2691214967290882
3.167600107286397
3.083635011810127
2.9954747740992307
2.958653514801282
2.879263057172739
2.833346287082177
2.7626806876946617
2.712399003591196
2.645913420353727
2.6094864332881142
2.545876330601833
2.496703769565796
2.436484550652898
2.3986085596436326
2.3587645611524874
2.3046654290854383
2.288404761782269
2.243850873138112
2.1958473599514647
2.164284275910367
