11.472481479396464
10.414463813381978
9.526678638964958
8.817390470786172
8.218534171785079
7.639554013267927
7.150925841353313
6.790310237388253
6.397673173622872
6.050424756144771
5.736369353413421
5.447219684688532
5.256073388573002
5.004558645150679
4.815396034464509
4.594100032834886
4.422740694566908
4.258351853687987
4.087914562976671
3.9517907218589654
3.8236268093220755
3.7219948600069954
3.6204939401820293
3.4772876868784532
3.3628340439542237
3.297632851938263
3.2019852994899005
3.121102933520651
3.038419150828303
2.9718858684865443
2.9106326646190017
2.808043868631608
2.7661620153181854
2.6754344411609425
2.636842372123108
2.5457734789955353
2.4890828254216446
2.4193030999375367
2.402366496953663
2.3395477261362547
2.2993644842534477
2.266934429103649
2.217346902951673
2.182471137800011
2.1524468657771
2.1180206092678304
2.065635189383221
2.035886844329818
2.0313673056295523
1.955807735250736
1.9268999746706128
1.8846572794779148
1.8348944602871526
1.830325891723795
1.7909937032304328
1.771817668659183
1.7292667398459605
1.7240112509019525
1.684525098188189
1.6838286197412344
1.6447545159171904
1.6252042315541573
1.6027052379608875
1.5876886256097196
1.576221124298825
1.5456809786806298
1.535425016945136
1.5012055629921468
1.4935050238564338
1.4645594870753518
1.4480910631039177
1.4369823493883414
1.4125886422373322
1.4027708519712518
1.3866135182806056
1.3719245275578924
1.3541622987281825
1.342477592070296
1.3380722856435006
1.2812395018143172
1.2831502899630902
1.2505118546478684
1.2450875856035113
1.2406989399241275
1.2178516962918673
1.2107657927142528
1.2102791748713146
1.1792292474125157
1.1745547450512097
1.1503808324559985
1.1430113562362416
1.1327898083946413
1.1227081109811385
1.1169075199499992
1.1060564219496984
1.0993131191544534
1.0909620538451796
1.0807995976329123
1.0741101811909388
1.0635088386434672
1.058053775229277
1.0519146448034484
1.03769903371086
1.0333708045156242
1.0221189076552344
1.0130715782338133
0.9978667761681609
1.00521931374346
0.9952370832185726
0.987816061934513
0.980702120503422
0.9664133748766994
0.9524551782929018
0.9476877752538786
0.949500230336489
0.9382805941230504
0.9326205515508588
0.9209550787374167
0.9043589609571012
0.9080410670755898
0.9096850289630697
0.8932501093266823
0.880822716991632
0.8794914918399837
0.8771251834651707
0.8230906824569504
0.8224161863382415
0.815673683889041
0.8103071813497797
0.8133021595983627
0.8075804079773059
0.8010208849293803
0.7972471002391057
0.7950987533803939
0.7882176391850271
0.7844772228259183
0.7816217126206161
0.7728130331925109
0.7641386781456262
0.764208028340108
0.7574700763395452
0.7550738168052116
0.7504508793367469
0.7467728563258833
0.7433092309082554
0.7404648541172636
0.7335112492230655
0.7319825990557157
0.7310878493702307
0.7236745579564118
0.7180057889231304
0.7147678842263849
0.7081232690242664
0.7106140257602971
0.6980877597214249
0.70178624102318
0.6954844273679543
0.6900366328667014
0.6860994388756353
0.6795225090817205
0.6812900346680476
0.6767569815853721
0.6693872790902446
0.668806687926176
0.6702049188901696
0.666328871675401
0.6603040277470882
0.6559108069945381
0.6548737205301132
0.6452319323346216
0.6492919692679187
0.6441681570264177
0.6412462950668867
0.6319963793035277
0.6347413928468267
0.6219797442686584
0.6201836150438311
0.62360802638299
0.6220023938790229
0.6223861509175443
0.6076695611611727
0.6136721861973
0.6107035958134276
0.6082599643021777
0.6064102748256914
0.6027371851688457
0.5925239538374706
0.5966834674719803
0.5901772936372054
0.5915178712943487
0.5906569280243297
0.5794731990637723
0.5853570377014359
0.5763628256657606
0.5768772815527297
0.5681068869201568
0.5727438798619278
0.5292456275649456
0.5286848799946651
0.5259394945701089
0.5258319470070936
0.5223056843290231
0.523992361090734
0.5210983782052063
0.5216834294183286
0.5196456028299622
0.5158240152362816
0.5149289948319984
0.5117233023846097
0.5090021047720131
0.5075125340779817
0.5069118601539836
0.5001005100412758
0.501018774633502
0.4955538725701638
0.49900854738257405
0.4936752545420006
0.4901063065416562
0.4875711146464766
0.48736385689351774
0.48828855224881806
0.48454649823499724
0.4817444009948042
0.48024502446956885
0.4780207430203561
0.47654689446134624
0.4753188936371157
0.47090611617116707
0.47090611687968587
0.468273945310836
0.46677740232323944
0.46381057752420535
0.46289958408365633
0.45895537682047516
0.45696100090848435
0.45668901247514215
0.4586989653428646
0.45579328221235044
0.45206698046887084
0.4514429027540757
0.4524554740535851
0.4458257428634144
0.4464353644785282
0.4449276672944882
0.4441773117252751
0.4433336582816264
0.4402220444976976
0.44119071859137193
0.43832669069636837
0.43598902100552206
0.4325402645578663
0.4339313927908506
0.4300400335685825
0.4272700509583791
0.42998778587038033
0.4250973561666853
0.42725029829894257
0.42485531978521407
0.42176754609777195
0.4226595124822268
0.4150073302112324
0.41721387256326065
0.41712132020327003
0.41316766486811135
0.4150940846304053
0.411989821513306
0.4104654834391198
0.41071326132771446
0.4073385668511807
0.405762478859956
0.40333187052731945
0.4076871119976067
0.401269744778514
0.39889771841172517
0.40110138894814895
0.39870864022881847
0.39608852188567084
0.3972048692949858
0.3948539826162175
0.39312501275591527
0.39071994912704244
0.3926429216263216
0.39171708798293825
0.3932052507797067
0.3844669294936807
0.38714283437611186
0.384052201143858
0.3815427017594925
0.3807248345109599
0.3798202889624934
0.380372321936361
0.3764990790031203
0.3764261191954608
0.37729983583294824
0.37669503728664155
0.3767137237836349
0.3743414706664646
0.3726512155234246
0.37394803789142256
0.3695357015963182
0.37049471295326497
0.3676016326925844
0.37006985891424277
0.3668478323232279
0.36642622735071395
0.36769755474561294
0.3630443150628818
0.3582845069012296
0.36311699460509006
0.36255351806539127
0.3602692307809889
0.35988884815435224
0.3573149378251361
0.3573803718123267
0.3570600301856075
0.35476800166383216
0.35512351945592113
0.35296589308524917
0.3524899483559898
0.3522372927810551
0.3460514025338799
0.3471355963598566
0.34835307181033953
0.3450693693286305
0.34869332708035583
0.34507718860494496
0.3451962152711502
0.3420124690847558
0.3442714265580912
0.3435475111478223
0.3353392327325605
0.3380254020333882
0.3372659884129433
0.33777954259314524
0.34079360459233926
0.33563041775310776
0.33675384956310156
0.33703426808404174
0.3329094702692504
0.3341893905116416
0.3328776502268866
0.3343460814952255
0.33133866042266846
0.329953752694249
0.3315966705852588
0.32612875276420766
0.32487179853341674
0.32851259836108027
0.32467448071278393
0.32419491308298176
0.3274380299220047
0.32143950733433146
0.3253027622121826
0.3219857939498468
0.3154975797137658
0.31948143605800966
0.3161945929198816
0.31905833321307797
0.31930501531694633
0.3152775378294137
0.31681895827517226
0.31289387606650054
0.31409476831845495
0.312767280149609
0.31388919468091103
0.31124636538119405
0.31222876602704447
0.28571487299818815
0.2853553410368874
0.2847156379266542
0.2842136433838391
0.28442331588309655
0.2847837467093251
0.28283708253249246
0.2829921114892198
0.2829276628335293
0.2818215310065827
0.2822932272377128
0.2808707984320651
0.28176388635042715
0.2803599685735435
0.28130040065090267
0.2794501746892365
0.2811793874506992
0.27717113754145545
0.27805266126318173
0.2780520885525164
0.2761371026325975
0.27625398533864254
0.2758468773635684
0.2756792914870755
0.27426491363802175
0.2732429763116835
0.27122757133379904
0.27285166730766974
0.2719148762482775
0.27212799532877374
0.27043408478537
0.26819030253347254
0.2697994530927235
0.2680839396156861
0.26841887776284923
0.26659865176194497
0.26623071907191387
0.26458592710790074
0.26545027674368216
0.26489650603204096
0.26313117487299564
0.2638939207724994
0.2623853546548901
0.2627034867066791
0.26081242610013533
0.26228461210446624
0.26042531547134673
0.2600339974909278
0.2588238456604398
0.2585099176920946
0.258640124970683
0.2576125873373877
0.25581209227630664
0.2558561952101783
0.2566664317270238
0.25507026571553865
0.25397802609458464
0.25344425618720323
0.254910043615223
0.2547750213057338
0.25165910529506963
0.25002970275435815
0.2506774231238759
0.2504671932369328
0.2503802007185001
0.2483070020031653
0.2479820966079791
0.24766179934876162
0.24870270003965061
0.24620693429186105
0.24590946184517293
0.2463849152534533
0.244990260758629
0.24542087393666065
0.24311657224593944
0.24529246655741105
0.24508309775923068
0.24327846595680797
0.24366053111922725
0.24259129407382432
0.24060831474523242
0.24087258282549442
0.24009313626619103
0.23858465076210877
0.23992704008127108
0.23707844889273189
0.23741850240329485
0.23753927094038146
0.23732701225740357
0.23625162061074717
0.23697636728407245
0.23717223862756867
0.2359617707123948
0.23445254769988538
0.23227812747689314
0.23340388886471714
0.23135978566199783
0.23145472801066233
0.23314073858382756
0.23188976039096076
0.23135056804642917
0.23217715087048274
0.22784166567405206
0.2293428908563726
0.2281585682370195
0.2276850078425744
0.2283627801417185
0.22775905785534178
0.22600457454259187
0.2279617226582917
0.22426248068208765
0.2248664366744407
0.22466431819441993
0.22470529194576783
0.22455685766701491
0.22452119681497607
0.22351996517512018
0.22327140760149744
0.221370581495151
0.22131738885997865
0.22186250928339946
0.22251670790859776
0.22062071453065074
0.22207784827649846
0.22013975971210242
0.22148998345457754
0.2191374145163033
0.21944511114416232
0.21718654534909776
0.21831814778681574
0.2187695408047088
0.21600729403519042
0.21740983753376897
0.21670130081990352
0.2172370007212976
0.2175030211180342
0.21328412406993463
0.21470116967243658
0.21454312244981538
0.2149387876825665
0.21477869264820812
0.21335599790890342
0.21295219556492812
0.21366566398106557
0.21319741059161743
0.2127984874768964
0.21220215515445828
0.21076365923740126
0.2108966024564694
0.20925746107633358
0.20932122767234435
0.21054560784975251
0.20874178288558312
0.20894160155800023
0.20752735761830848
0.20660732022503508
0.20742041580544993
0.20508401603374865
0.20556250753683086
0.20588277914815195
0.20519786281104416
0.2056443529440699
0.2040619490506586
0.20344503876958783
0.20330655216757437
0.2021257685081545
0.20400638212883138
0.20505367477965136
0.20151938771612435
0.20148708694866058
0.20229621797165862
0.2006898638306791
0.20068214471134752
0.20016468064175172
0.20033326248422043
0.20022039383905793
0.2000948683613899
0.1997255539835919
0.2006282887202184
0.19779199688938887
0.19902879426644687
0.19692552050356993
0.19807463994913715
0.1987132782017852
0.19732946251591557
0.19558340458129692
0.19694987269509312
0.19587405254574378
0.19607410930156105
0.19592302957995456
0.19554846394217407
0.1946924638816867
0.19363742657822625
0.1927104655421914
0.19246567498848322
0.19256060202924402
0.19302515061907882
0.19251476128365452
0.1941031578832792
0.1932758560158902
0.19074043709715482
0.19297361520349143
0.19266980283071433
0.1896223299267777
0.1921221267788431
0.1888384978227154
0.19036007446661474
0.19030719067038832
0.18807666311378313
0.18806894660609857
0.18908510893449915
0.1889708847014384
0.18717822185660396
0.1866239511558206
0.18877598914860158
0.186982126619354
0.18785977673639565
0.1869208456403797
0.18498358396426284
0.185582240909323
0.18414278265396833
0.18631190478679116
0.1842250705085712
0.18368948722898495
0.1849283027325353
0.18436699785371957
0.18413729412862523
0.18376601630829015
0.1834114713368865
0.18406794987190295
0.18199354398166862
0.1801423655169333
0.18118044651305126
0.18148065753611375
0.1813103395217931
0.18112546467580729
0.18148328037132727
0.18201047091190048
0.1807065678825006
0.18075431985887833
0.17779242788456
0.1796535384357395
0.17781727599930378
0.17849322252054206
0.18020604128898526
0.17747719298277959
0.17664639408454547
0.17733180714894986
0.17656189152868934
0.17594397057900665
0.17646515135250213
0.17717733302412456
0.1773935826050277
0.17630864704587737
0.17714136019621265
0.17568621707448528
0.1760435827560468
0.1751050677952003
0.17512225902584191
0.1744295539956886
0.17282916953590644
0.17474768230384627
0.17497571390351538
0.17419148551779073
0.17274614059478352
0.17152139312204667
0.1712676571065856
0.1740342921338629
0.17269001112637566
0.1721177341426207
0.17089068877156052
0.17051395556094862
0.17048606756655885
0.1695625903770184
0.16994786483075813
0.17041204013265657
0.17029927758615598
0.1713542491474243
0.17108830378690754
0.16912125072750087
0.17086553106469465
0.16975678427355548
0.16854990441037898
0.1679798985247953
0.16705827464653283
0.16762918992213258
0.16643108018923697
0.16474173886928015
0.16723217064994514
0.1656877296966536
0.16726821787279875
0.1648225374548349
0.16696707022699
0.16439710011928696
0.1641197053971851
0.16431233671992884
0.16322283547847177
0.16242509050196163
0.1612434305247939
0.16454121187616694
0.16303633075314822
0.16316298601075516
0.16192424001882613
0.163130092030201
0.16133957452086406
0.16386582807693573
0.1606533879918345
0.1611788338608676
0.163415668358914
0.16002067943506176
0.16250613762277738
0.15978638880163315
0.15933925415692812
0.16012399552965434
0.16080513027097026
0.16227252120514776
0.15969447892730615
0.1582839864246921
0.15809911185984332
0.15903357808741475
0.1594260699325048
0.15835593770345896
0.15797638372016992
0.1609238756633181
0.15722579137392018
0.15832306452986017
0.15642666106186312
0.16039340676083158
0.15742379005567814
0.15648439979304385
0.16001023287095423
0.15612429010741152
0.15483746170854942
0.15645646183059597
0.15678876838066003
0.1561913718437461
0.15497784342475057
0.1543366787593888
0.15657724911695936
0.15656661130444888
0.15427403914460142
0.15295872222409257
0.15266123409624954
0.15260175677333337
0.15314332693382993
0.15421639871499337
0.15479973821046514
0.15259040948988684
0.15242691493652616
0.15520384243511443
0.1540897375829249
0.15140805324625772
0.15204847800785046
0.15286315376958953
0.15197720653990815
0.1534150581115807
0.15075318530566761
0.15228670975471603
0.15267540457458495
0.150751325413421
0.14960381955851515
0.15098961272730832
0.15173536162250797
0.150380493016321
0.14909918909563258
0.14945652898827005
0.15181930969487667
0.14967449232188784
0.1483804454990448
0.1512581168231256
0.15037262785940442
0.14950256906745296
0.149524121844604
0.14821784893892243
0.1498977048578422
0.14789579053290425
0.1490546012776804
0.14867391008579176
0.14782163764016018
0.14760771194151232
0.14779180184021867
0.14920238610693445
0.14549378011184444
0.14813064072973703
0.1471894042713353
0.1465885981479775
0.14690383535397614
0.14569059628883566
0.14584274181372564
0.1462026867320256
0.1466819069722848
0.14580854403793408
0.14490051829691142
0.13126309073238815
0.1447871118310627
0.1446625798620556
0.14375492522561217
0.14439362462017016
0.14488897315710403
0.1305724061908168
0.14434349526516088
0.14583683262133407
0.13034173622159415
0.13025987156493102
0.12984770938774431
0.12990330186451274
0.1299097055451182
0.14332919570635738
0.1297537101045623
0.12953799762965104
0.1295017637214903
0.12940369008845778
0.12900453653713498
0.12889371498551327
0.1289276260553163
0.12901552621118811
0.1286437122794098
0.1287137321838827
0.12868586678763363
0.12828368051004702
0.1282400690259473
0.12810117203812296
0.12831218044769685
0.1281494247611431
0.12800969658570124
0.12761920714403913
0.1278136438917781
0.12758098584464278
0.12738316530160432
0.1272555745867811
0.12730212502052837
0.12725007036386415
0.1272045201798244
0.12712624855597882
0.12668058134016888
0.1268718480505112
0.12667836903251328
0.12664076807632
0.12660956885390817
0.12651315887692932
0.12627633866909263
0.12606651112924397
0.12583367140628923
0.1257734523233944
0.12573772528126995
0.12570040948487532
0.12558759421929808
0.1254493520668049
0.12538802258685222
0.12530761510975025
0.12532753402694197
0.12499800840074755
0.12483881625885487
0.12474635512759193
0.12488249108607193
0.12467638873116982
0.12467620344880628
0.12456497737210612
0.12443833254908554
0.12439644314894281
0.12411302534294151
0.12397691114219044
0.12381750894748564
0.1239032665287965
0.12382528334283734
0.1237683732635071
0.1236152148583085
0.12335443637329377
0.12325480026426817
0.12316976809110657
0.12306067068586231
0.12310474343030449
0.12276637857039077
0.12262112183038994
0.12285652934640438
0.12256211487648784
0.12247960733360713
0.12244353097302564
0.1222441008202199
0.12225201780279633
0.12191704152537937
0.12209421546664799
0.12177948764766029
0.12190365930633788
0.1215439943445108
0.1216996040556225
0.12159693248977192
0.12139596262914325
0.12141077688926259
0.12119797372362343
0.12088303686749725
0.12098803927067138
0.12087099775872957
0.12057497440970337
0.12065132611304762
0.12039603471282703
0.12053011681800199
0.12031392051486506
0.12039710282679891
0.12007474473592425
0.12004784416659163
0.11997045711703408
0.11992104884585672
0.11986651202113194
0.11970970898038075
0.11939671728141633
0.11929140717423933
0.11944861436085433
0.11917115733932235
0.11922785487992286
0.11904430899964126
0.1190846320348291
0.11879386175681361
0.11880733425582776
0.11871417502820919
0.11864128763499479
0.11835893579164036
0.11820043287204526
0.11812763852156535
0.11810720357893985
0.11817955797854751
0.11783748781177224
0.11773300118404137
0.11785280968520624
0.11761801650612198
0.11756077598020624
0.11743862078904414
0.11734853564746003
0.11704986614669195
0.1171086547000499
0.11686865488747003
0.11688612077765698
0.1169082862856186
0.11658117431143068
0.1165405767962909
0.11661799869911135
0.11652542533620305
0.1163637699168828
0.11630327334908316
0.11598836521392514
0.11606471906745128
0.1160960224467624
0.11586963430324772
0.11570346899120751
0.11570299383876857
0.11566267181220838
0.11549644066994631
0.11528106099596244
0.11534872690576776
0.11506123180658619
0.11502843859653865
0.11504727018899302
0.11493362170599425
0.11459256557814797
0.11472215523218353
0.11469884863066397
0.11454488553760143
0.11441974870693883
0.11438711347288688
0.11422543182018359
0.11415518228726
0.11384071933337879
0.11403630611074306
0.11387453919412195
0.11374415302504871
0.11352014718080682
0.11364875825447342
0.11350615232840085
0.11321611008845991
0.11315416862368635
0.11299889340348841
0.1131187441887846
0.11289979867519179
0.11270962633074533
0.11259487446969046
0.1127488985881655
0.11261467556012804
0.11240336235533163
0.11221709881031643
0.11212020484394572
0.11217718094170749
0.1120843121101899
0.11196293390895391
0.11198422882391412
0.11178490017336856
0.11175531306965354
0.11158665957895891
0.11149125419265146
0.1112456739650392
0.11131901175755786
0.11107753159689991
0.11108194062528923
0.1109519399637702
0.11084695660207729
0.1106807821594316
0.11078756136091528
0.11058576534002015
0.1105405114960294
0.11037856674391407
0.11028198209814775
0.11030889577413916
0.11008022616554512
0.1100607255287187
0.10984895528471156
0.10972777990414442
0.1098052783661501
0.10969704693560176
0.10947305784147687
0.10938157970702775
0.10929531706672861
0.1091706148610109
0.10905101748399147
0.10900538625641418
0.1091056246318368
0.1088037301015902
0.10890310014953627
0.10862364789108937
0.10866803037195069
0.10858657853108297
0.10846977767372437
0.10830083561489402
0.10823094102422601
0.10802956182521427
