12.186614266637086
11.000363050203624
10.149746350706874
9.321297426328023
8.680671328155466
8.107521115310458
7.567857417163641
7.1628201282272235
6.767669420328698
6.400032967570663
6.080388792947709
5.798550410204662
5.494521599563649
5.274477669796754
5.061908372033946
4.8743806110447085
4.66682894101365
4.4584145518764835
4.34862502418879
4.183897887702436
4.044837397974478
3.9172785485901014
3.81085548257084
3.6970371621618705
3.560796366465385
3.4901213587034423
3.36598347170993
3.2621535882602877
3.177200939078223
3.119214884201261
3.03961381847045
2.9668514641201567
2.9133926752855213
2.853479076147676
2.7865183141162957
2.729152416076384
2.661688894561999
2.564953807185895
2.544201906783742
2.4613490992285874
2.4255059629424975
2.36625540983144
2.3479922765860843
2.3089156204988104
2.2696968426548483
2.222321594490188
2.1723940663925347
2.1559136573957867
2.106499017725233
2.093639757837578
2.0681374569796187
2.015101250301591
1.979748492239182
1.937381655241302
1.915355309236923
1.8610727084861116
1.8375458423493214
1.8095273922347934
1.7759494882296427
1.7624007351674285
1.732182259907678
1.7166179974846625
1.7000185783522739
1.6683724601749896
1.6526571729001742
1.6338374228399828
1.6079393918279798
1.5892479154730588
1.5767205158724455
1.5532267220579359
1.5328085800592173
1.507640978189928
1.489439311632129
1.4848201983186984
1.4613633312839136
1.458958269103472
1.4284273313075744
1.4258055277582486
1.411070247422265
1.3840162229761295
1.367344324037461
1.3704920152923956
1.3453043311781876
1.2985730366597874
1.305071011840127
1.2897608919292032
1.2746634479234944
1.2481920264164705
1.2490684241984313
1.2191198231328508
1.2181714636880383
1.2009067777418352
1.1951875452181646
1.1646086534201385
1.1618732883502365
1.145987468142689
1.1350905600145138
1.1366419917248687
1.1184938189304359
1.1176246840332764
1.112920596765558
1.1000732966244706
1.0890921360410686
1.0826360189023974
1.0702090187915292
1.06853175489094
1.056535067628201
1.048033695640695
1.045202289286003
1.0295877737793404
1.0280260853805316
1.024313924281715
1.008563829016083
1.0007427969464227
0.9868170498874929
0.982628990615905
0.9814071463989035
0.9732900447826495
0.9690863798642352
0.9626618314751374
0.953247354310569
0.941289415891565
0.9411794304891179
0.9275371533904491
0.9186731492757348
0.9210808478521051
0.9063868955682679
0.9034477480411084
0.8978044460249487
0.8871509559984372
0.8911168632672855
0.8732397633107201
0.8801468237581571
0.8243048226293468
0.8249344383349058
0.8218968049842417
0.8109062791920223
0.8137036082696568
0.8036965052370749
0.805417038205311
0.7986288638970749
0.7906831854807171
0.7899466583262494
0.7832312908628136
0.7784164164493307
0.7769170119552746
0.7706801803835671
0.765773410277985
0.7599027078262992
0.7592047672371919
0.7574805331105324
0.7467181451058832
0.745425881997005
0.7425342292447303
0.7324923177823314
0.7354408786612748
0.729324099807684
0.7255709510982774
0.7217241976945861
0.716738028844411
0.7133473081558375
0.7137543870815429
0.7101486103489617
0.699551090798406
0.698204657361456
0.6948473036754308
0.6955602130173736
0.6855935254066117
0.6867491398129051
0.6786559614988988
0.6800534264123912
0.6752582559700341
0.6688807798190772
0.6647654800694056
0.6584949387149113
0.6611060896687434
0.6536491642023589
0.6601297703511341
0.6537793374316394
0.6513129828150088
0.6457405018785989
0.6415000016951853
0.6386024988783945
0.6347032439937379
0.6338315784160296
0.6320182245898173
0.6248254249334297
0.6259454448867916
0.6211011524660449
0.6204937106281528
0.610349236888818
0.6169592394218444
0.609778928428409
0.6096676224622595
0.6010007772931871
0.6019188644871883
0.5990330559805372
0.5916425830598342
0.597635502635959
0.5913607304534327
0.5866478597716309
0.5909945181552666
0.5846601728240983
0.5817551461931001
0.5738983826487424
0.5768578295900829
0.575576228693958
0.5676891541052067
0.5713282808575415
0.5321406946557085
0.5276806609608556
0.5300857072461531
0.5264736382147854
0.5258713409996758
0.5250280965395837
0.5211820176691535
0.520968489079911
0.5162241739771938
0.5191291723852146
0.5146263950914357
0.51571333415169
0.508300292580826
0.5043714962432116
0.5087997628375439
0.5074732273877944
0.5015523522526217
0.5003859227566011
0.49932325935060645
0.49566400641273617
0.49385861244468854
0.49062112985791484
0.4908674383536271
0.48769399345374553
0.48720811630336186
0.4823939097713208
0.48331665443079375
0.48032887337738545
0.47954013802441636
0.47924036229983696
0.4762771867484605
0.47460099030795105
0.47154946473712894
0.4736379093046298
0.4680846046143441
0.4662585402430449
0.4655471490559711
0.46320382850346
0.46091830377365794
0.46292911065509657
0.45611874518067963
0.4548481726939673
0.45680073828134254
0.4541117021765285
0.4519737100325719
0.4489438306874348
0.44849926781464206
0.44816419523431816
0.4446196251511015
0.44386369941065623
0.4426701071493687
0.44239836191261017
0.4409950952564799
0.43753749867242275
0.43691538312687017
0.43115756117147186
0.43248187699755136
0.4328550482688047
0.43010929432365
0.42946221963519693
0.4238963607822413
0.423613642644724
0.42273751788085295
0.422656777020826
0.4230374600006573
0.4178448845524173
0.4222900992460643
0.4226208967174224
0.4152744924980607
0.41424044283549166
0.4172264030239967
0.41435267219979804
0.41200352431499027
0.4098291133820863
0.4114812537930663
0.4065439480597348
0.4038266409760425
0.4019617926377077
0.40153286561288726
0.3998461530258993
0.3999540012527205
0.3996914133277488
0.4010714477105569
0.39789369295439425
0.3945252067334536
0.3951113534829892
0.39424629808470174
0.3932048560770306
0.38818405935067235
0.38711687076927315
0.39233902472989995
0.3865906240935078
0.38662812595529483
0.38621804231542767
0.3822668350629573
0.38190843730792723
0.38162327403302243
0.38568141555698815
0.3809600137984455
0.37861513859552814
0.37781142365938764
0.37652588373080675
0.37726802422930295
0.3743976576669479
0.37331016520531424
0.3754724777645862
0.374724001485265
0.37126017304242254
0.36704266595021406
0.3686269694707139
0.3709795675336926
0.3676584690814605
0.36551504067088786
0.36658873842498707
0.3606099721161485
0.36158769365726073
0.3629697730169522
0.3608296844261162
0.3589815731402979
0.3563128869165416
0.3600218969930813
0.35656171272985093
0.35863277249941344
0.3570610828387913
0.3551794450620412
0.3535627484815535
0.3520198839001637
0.35244719607823866
0.35288396562071966
0.3526151498082129
0.34967283372329916
0.3480599770135586
0.3495319555058637
0.3481350150151422
0.3459101664368495
0.3459191975073662
0.34169172119608077
0.34436540817785133
0.3444361213323552
0.3423104779388063
0.340000912108556
0.3412964367437405
0.3357720254071751
0.3385227276516395
0.3350840068863647
0.3361820805982825
0.33671926310216604
0.33690911463590395
0.33472936541887743
0.33595139264086243
0.3299779735597258
0.3270465751734264
0.32942297298308204
0.33146702338472944
0.32887906232845043
0.3290532645600791
0.3244462359278856
0.3248944172129001
0.32583659411950777
0.3261272238883211
0.3253413715955003
0.32373095261606466
0.32427596926754915
0.3232490070147662
0.31956219413690434
0.32203861818646484
0.3175350356994775
0.3168023555690809
0.31616365530009627
0.3166370766312673
0.3149565886567842
0.31415940601754216
0.315087696723279
0.31362921728009496
0.31097204175511306
0.313524851043702
0.3123639871208149
0.311680448199653
0.31150290941576486
0.28628582161330995
0.28612822641312446
0.28548867628087465
0.2847472273197945
0.28542830821248233
0.28594467647414545
0.28493772000577167
0.2852413306859455
0.2840277087518416
0.2830462300032764
0.283404106200868
0.2822236415256901
0.2834300664136117
0.2825149801217094
0.2816477441039763
0.28052346864301114
0.2786311848366517
0.2805375289092564
0.278211586370756
0.28021475118052874
0.27717017974528346
0.2794651911929691
0.2774922456638302
0.27563229314055604
0.2765780159255371
0.2750938695529078
0.2751819172339651
0.2740033063443207
0.27537817568131484
0.2727527428426788
0.2727882014060276
0.2721509974597066
0.27076118632976975
0.2709471415699477
0.27077193393991994
0.2684258630909889
0.26854734526056834
0.26749274317923355
0.2678869284434029
0.26741325416039274
0.2646269013031841
0.2666097310633907
0.2630391905091949
0.26522750480477386
0.2645765119576691
0.2620556528392467
0.2643881566980957
0.2623562183846886
0.2616614484162616
0.26123024033653364
0.259803056930873
0.2601132491990742
0.25976085989039466
0.25890097462490647
0.25941808706824504
0.25860238015620696
0.2557065522924552
0.2539827079225245
0.2561078468571418
0.2553517442395651
0.25486627874676404
0.25235628399247734
0.25451652379854584
0.2533346470171762
0.2539712072502368
0.25327167109925997
0.24852163552212858
0.24926974859648113
0.24852647564532532
0.24882894145774515
0.24962880626242734
0.24778209135648693
0.24895362102111107
0.2471210363507683
0.24748741780988667
0.24720916905333865
0.24675591583812348
0.2482586620034803
0.24403307835351312
0.2450004155705335
0.24269432252460063
0.24412598732868643
0.2431887841125314
0.24263799582731252
0.2411439629793085
0.24309027879077177
0.24177089683230635
0.24070924584331493
0.24099638510907595
0.23962694455643857
0.2392038860373688
0.23772132790902845
0.2394869105293958
0.23543074305029676
0.23753706138158634
0.23685427853342503
0.23581148416616884
0.23547593668966443
0.23590960645275627
0.2357409672573803
0.23510589060656173
0.2354204404414287
0.23365829095816962
0.23327814047187245
0.23150230869103042
0.23128318981105736
0.23297436551652767
0.2312119916067286
0.22870032622837472
0.22981316910995844
0.22999721535359072
0.22938568688809027
0.23004252752977777
0.22944127948152157
0.2280670981826006
0.2275109805463339
0.2267891432626925
0.22644959713296942
0.2261751834076631
0.22683344390627638
0.2249618812283245
0.22621748223073723
0.2242376173855189
0.2235209722807383
0.22352231038533774
0.22456941632324257
0.22243778176143453
0.22149255965940484
0.22183245333070659
0.22064508729501653
0.22156583189852996
0.2226035183348145
0.22004632001552865
0.22003178577787025
0.21823081288417312
0.2189666557544584
0.21931342393729553
0.21879837718913792
0.21585938467730725
0.21665968951684106
0.21696223104516207
0.21761786677501505
0.21556314347608121
0.21504973247186315
0.21623679336779444
0.21405350980595586
0.21424923070206658
0.21557916060738022
0.21548835288007012
0.2137930871615822
0.2133067595333557
0.21298792970237343
0.21341555917662958
0.21312943901122877
0.21221262451329095
0.21193473912820648
0.2102968289351878
0.2104702351533737
0.20982559767988845
0.21037252265263134
0.2078496317334546
0.20836856778931773
0.2081352129356256
0.2088023800299851
0.20741369498794826
0.2054718151620375
0.205832477613543
0.20825793739706455
0.20593407085956328
0.20692506488049928
0.20513121818615218
0.20529611098387762
0.20629236508262153
0.20494758939267171
0.20329162130583767
0.20379073736221187
0.20348885723182408
0.20279917414876536
0.20334293429562877
0.20272535154632576
0.2006039537756834
0.20285200256417002
0.20229350797458212
0.20051224109482746
0.20151242311240652
0.20063785774204604
0.20160129448055103
0.2009227023722258
0.19812122411142552
0.2001219309073548
0.19869271190853255
0.1974996726335192
0.1987204021410264
0.19835960456976978
0.1976661661959116
0.19786690953837593
0.19738741231061283
0.19693923479511596
0.1961806650818821
0.19823258976543628
0.19588717975875342
0.19485518183995054
0.19525641117263945
0.19566349242475325
0.19371855223886542
0.19318920326923034
0.19516950300406505
0.1929494352914992
0.19286798982949563
0.19363387248495087
0.19545439237518963
0.19044942753382657
0.19158642755549976
0.19096118693867198
0.19042677304774713
0.192102845430951
0.19056099939577054
0.18783347287905483
0.19048063748954575
0.18920712416228241
0.18970863600126223
0.18863849625654439
0.18839155135553254
0.18992983145164202
0.18759706900523954
0.1873301070895286
0.18878880413923183
0.18736455231449894
0.18715657044745626
0.18694658774794676
0.18579272126779245
0.18699351893894345
0.18762343713493465
0.18539758463537398
0.18809750200884423
0.18415270336183653
0.18616952847735035
0.18292293338491902
0.1845582847337414
0.1821855580443207
0.1822538509366774
0.18285121259398351
0.18166320204260417
0.1840520707527813
0.1842688560705551
0.18116070464200107
0.1819164971955115
0.18128016967870308
0.1809708837954298
0.18167162981957036
0.17978854328166335
0.18045153137986347
0.17790091310566425
0.1799085952868171
0.1792427178438186
0.17841953794427923
0.1812367903002689
0.1777346762243468
0.17745378000122344
0.17843757360339055
0.17850772284832372
0.17779605448276356
0.17807842374836724
0.17804100598260447
0.17757846306925273
0.17628515234109074
0.17548338816604173
0.17665724423485585
0.17653955924724413
0.1758319613804346
0.1769129780280329
0.17562466749116595
0.17433957960506632
0.17409109782787482
0.174514522250995
0.17413425781207992
0.17517071371570694
0.17336147989812106
0.17281959057725005
0.17421444208012532
0.17301236744572976
0.17291543398809808
0.17439819801004205
0.17063045479463484
0.17178143874436444
0.1715714965136732
0.16929680170249242
0.17003073607758212
0.17071578353283712
0.17101490582554107
0.1698746100916975
0.16959710128817845
0.1711852476385468
0.16785468450985774
0.17058823593290556
0.16814261315637963
0.1710731338013406
0.1699095140077236
0.16836350686792967
0.16603236610309297
0.16938462092158488
0.1675034020940808
0.16800036041764854
0.1653734815990191
0.16633165015668397
0.16690562323284866
0.16790712460375518
0.16528744048473298
0.16643150529189427
0.16676287444180388
0.16469954424062536
0.1648482305168443
0.16320176424512484
0.1652113224301854
0.1630836637197021
0.1641408784070663
0.1632188464918602
0.1637881157977023
0.16375447604673837
0.16478104137985838
0.16340745114434868
0.1628111700307798
0.16304044131286247
0.16243206157292206
0.1630787344138693
0.1643976875972183
0.16261972162611643
0.1626341248416429
0.1611111474469169
0.16157180891660744
0.16080152789983118
0.160149268686539
0.16258180778818088
0.16112510646220757
0.16141106200241837
0.1599842725239728
0.16023491373318963
0.15955482657379463
0.16044644685871504
0.16147049590649742
0.15688507835062893
0.15797337826686658
0.1579638218439038
0.1576940565864885
0.15943561578304924
0.15643706412851116
0.1558938541980419
0.1586779617633968
0.15609878642297417
0.1559779296431995
0.15620757345316463
0.1570928164350366
0.15702154675706737
0.15727307455412187
0.15684437305802418
0.15708062815760115
0.15577173762775942
0.15738149678966123
0.15433370039795308
0.15705578089873826
0.15444002405858043
0.15607821081025008
0.1550296691659696
0.1543406623280589
0.15393676651525084
0.153987619626821
0.15313810700067165
0.15399574062915578
0.1537158617782552
0.15312669516142477
0.1552649285244786
0.15166183287875212
0.15301064296959083
0.152901217897421
0.15110718272504214
0.15229556390749052
0.15194879318424853
0.15395626426459216
0.15196356870383765
0.1505193300210786
0.15108097378011992
0.15147915539912105
0.15035695629969836
0.15049585428995016
0.15100252046070126
0.15065134774184685
0.1498453692556336
0.1496764740856156
0.15006959095983063
0.15121913078279903
0.14994294908851202
0.1489222065601851
0.14943750565746883
0.15117713311166084
0.14976234157395282
0.14858345365839826
0.14820393910427754
0.14976465331822197
0.14699282039236153
0.14834133579138892
0.14812012147106826
0.14744317422999415
0.14659655728787016
0.1482587935330275
0.1471860072156744
0.14632264495904934
0.14641475944150217
0.1466208463817216
0.14512571868079477
0.145851919512543
0.1462735102732961
0.1472480796331837
0.14589453287229445
0.14633225045563905
0.14655201463163509
0.14459092284337088
0.14574931573896122
0.14431410240567516
0.14571290982629279
0.1445117416607289
0.14405063448411964
0.14445903620260708
0.14434022567998567
0.1432473602754601
0.14393367276614982
0.14391252929648318
0.1442095431702046
0.1441719093687618
0.14401590364812933
0.1431489472778935
0.14290400768136977
0.12990768292962343
0.1300840778481228
0.1443083834807328
0.12950732793997533
0.1297263358535892
0.12943253514729405
0.1295542767121492
0.12907113792550945
0.12920535580644923
0.12893883770853592
0.12903111229488531
0.12901116633928494
0.12882242792153079
0.1286937831529542
0.12866439851633346
0.12822711833952952
0.12839667518162912
0.12839453862025066
0.12805322700210184
0.12796268358339433
0.12786834368451194
0.12769313422402293
0.12769575717877274
0.12751434370158563
0.12736252049931834
0.12731498779087302
0.12715253231920656
0.12703203921130124
0.12722657067335774
0.12695260284899063
0.12708256932576886
0.1269586727557376
0.12680254626662246
0.1266045317219573
0.12643938733173513
0.1263726695628469
0.12629330776762543
0.12624851977788468
0.1262781049363207
0.1261718889740166
0.12596545906674067
0.12595657567534602
0.12573414602452174
0.12568602593388165
0.1254655968933321
0.12557739479522753
0.1255161318537671
0.12515250933946503
0.12523784773307625
0.12501340272963973
0.12490569802402775
0.12490731994126804
0.12494499188151821
0.1245575922723117
0.12472775036032999
0.12439855708586833
0.12445480444198438
0.12416121683053546
0.12422096354270934
0.12417237601133024
0.12400904955460276
0.12382544112378781
0.12371890115024087
0.12357900283622598
0.12374065403836738
0.12341308883479116
0.12340262273041276
0.12331589529125978
0.123196164358599
0.12312712985635699
0.12305180465624857
0.12284140775984156
0.12290631766869865
0.1228745430632057
0.12270368161559758
0.12256815151398741
0.1224030130919374
0.12239377741487886
0.12233340905256739
0.12213856370140036
0.12210375500496128
0.12199016284026867
0.12199478290413879
0.1218167111295611
0.12148041427952591
0.12172228963646717
0.12149432772096645
0.12148618462381648
0.12142381147323932
0.12126415273780025
0.12101271138321977
0.12085566972661695
0.12096558481377827
0.12066311405792078
0.12083870703215666
0.12058157119736279
0.12066046504680372
0.12022270454735207
0.12041267088586324
0.12038179873491543
0.11995780957262525
0.11992980204906019
0.11996379858258592
0.11996497255242503
0.11960030289281746
0.11962741893058705
0.11949631395254642
0.11961357216088914
0.11951815403155991
0.11938906105491981
0.11921368414557634
0.11896651228650512
0.11898288382445742
0.11877145871495486
0.11895362116307297
0.11862320034298278
0.11875074468283003
0.11865611190781351
0.11853902822451175
0.11823261611177031
0.1182233561413085
0.11808316940387271
0.11807459851303406
0.11809019891533126
0.11795679378340282
0.11767429995730794
0.11777124424543076
0.11766170636710001
0.11761927207930967
0.11753858850559595
0.11723086331849743
0.11714014805824718
0.11718484384426234
0.11690139986094948
0.11683217135716291
0.11666370074321095
0.11674511605929894
0.11653092014556421
0.11636172733084038
0.11637273137992793
0.11626747907928404
0.11639975648230233
0.11618705524934853
0.11608517800694698
0.11598298651342134
0.11569718269101997
0.11568656209703079
0.11583149750116377
0.11563546314044061
0.11557610398145357
0.11549770238587768
0.11527652742188252
0.11516475796548775
0.11518180309354249
0.11519600258078186
0.11506894807626168
0.11482523389471452
0.1148554033301565
0.1148071136895723
0.11436507494498471
0.11463662879416575
0.11429873986357904
0.11421210864418839
0.11415746930620514
0.11409068170007344
0.11394449613818323
0.11378501392411237
0.11392407984171996
0.11370568270480419
0.1137767273469393
0.11372137098645652
