0.18059545904685478
15.00577618948748
13.4970089591809
12.178553032328846
11.141109719769698
10.249596186691967
9.434539425848458
8.81814647995046
8.263969812616978
7.759032993658659
7.361332699469731
6.921339795035304
6.570145439576894
6.257439674563115
5.968437457815238
5.662276593077644
5.430159080896891
5.248572365247723
5.051728220180011
4.851792958607172
4.692395809312367
4.483260940507572
4.340935345283478
4.2239830260337845
4.070093738080583
3.970459819576368
3.8489168718563462
3.758282436050165
3.6180165597315037
3.5334030112653765
3.4293009981295652
3.329038495187791
3.2183663530386286
3.150547441733234
3.077040297572629
3.027361914617573
2.9775686978584304
2.918815141968416
2.852731931158763
2.783882161770515
2.729036958538818
2.6494058369598625
2.5798063655281203
2.521723173543932
2.459814473845525
2.448682585558858
2.392904817566495
2.369656443201147
2.305611017911467
2.2708583266521103
2.2481230169257023
2.2099124791296907
2.1750101373738095
