13.471594593827142
12.244612479803694
11.266851119034264
10.357294791573421
9.66853833775249
8.985600313047993
8.4947548324408
7.958698098302177
7.542290979466672
7.1086934143232785
6.718317056255975
6.4205713367524595
6.129667266986869
5.875068383525804
5.6242954576998025
5.414437894756702
5.231866202989612
5.001333780650144
4.844028957416892
4.673704788354072
4.479257896019962
4.326970071314976
4.218951423493137
4.116400552516444
3.9838088677473174
3.860034904309907
3.785943459720388
3.684931905467164
3.554232610682211
3.4811082005082596
3.3725508019587087
3.289319686176107
3.2092038751682512
3.1437843877456837
3.0758691097751365
3.028901381906594
2.9414094523561363
2.891270316148188
2.8357316394462178
2.7671627182229557
2.743207454305134
2.672672459525403
2.6306447805031477
2.5429660047931493
2.4993687046175266
2.458414603298584
2.400863506078305
2.3622436637460407
2.3336671775094757
2.284162393669223
2.259023496735926
2.2218266283628596
2.183370785871576
2.1755430667995617
2.131654565648165
2.0969997316610076
2.086108480454844
2.0344292172354095
2.003948782064983
1.967665526925694
1.9482030626967273
1.932713509984381
1.8952946612885073
1.8518284482494756
1.8355727173020466
1.8067634533630774
1.785416706183559
1.7418392964839746
1.727855221118844
1.7122178182501753
1.692192397274257
1.674588287822361
1.6474487802518412
1.6385858483459017
1.624303049785651
1.608500591280241
1.5759300012079223
1.5631496307630868
1.541282956742939
1.5270240408695583
1.5078533985645173
1.492555902905309
1.4917922994898458
1.465134812632032
1.4549566106264138
1.4369766347239632
1.4323619179045834
1.4098377942774476
1.3998049828090928
1.3852873268680843
1.3730493487657305
1.3621086856472533
1.3347942995647457
1.3301750675209882
1.3120159143375247
1.3041380926999753
1.2960971052811179
1.2742958789748002
1.2578672582386545
1.2420029761153841
1.2433051138749898
1.2110970047863963
1.1899323833524442
1.1755994086681039
1.1702087024236494
1.1585005218759676
1.1507264185466823
1.1498529886625115
1.1488350893514223
1.1376074613982539
1.1244056354215712
1.1154060553046008
1.107466140810881
1.1017236353389899
1.0881115052710435
1.0783790069184307
1.0797361100127234
1.0686616666652653
1.0592284852833194
1.0464102966385873
1.0425382291406606
1.0399754973319402
1.0260017151133325
1.0157949058172744
1.0222365640422846
1.0125032030982566
1.0014403571609005
0.9966388037286734
0.9903943283781269
0.9795098966689073
0.9709604723453975
0.9607814826279704
0.9624505761382333
0.9594205761214505
0.944215045725945
0.9440202705605714
0.9357227725669872
0.9383607076072611
0.9307807147328047
0.9305292446744999
0.9086817579615485
0.9106790106695724
0.9061202352817737
0.8900532833590523
0.8960279267827247
0.8976031901561728
0.8833757580027071
0.8310169967125989
0.8325901347868534
0.8266167763822403
0.8257132998143633
0.8199701238999437
0.814398535375841
0.8142002801661817
0.8103412980644635
0.8035483493115749
0.8029572739677004
0.7971814716302787
0.7939961388547999
0.7903929437980843
0.7835070744131218
0.7767767548878828
0.7753517197470745
0.7667446848456874
0.7671999730288056
0.7618237856174918
0.7619813789911006
0.752557582218671
0.7535453254654454
0.744531293118763
0.7437421512773926
0.740354557710259
0.7349898470875416
0.7301030694484947
0.730832371342089
0.7231283489244978
0.7208648174404073
0.7207580691965856
0.7148238832233403
0.7119400435842522
0.7042524682640559
0.7044659904770725
0.6993230956562962
0.6955159120996932
0.6936805619225314
0.6914484810755994
0.6902452300836445
0.6847878692838847
0.6799339861851649
0.6829002306822304
0.6765772794685077
0.6719691712727481
0.669174270433316
0.6634327970843242
0.6653863141721701
0.6606999272277062
0.6592828387162186
0.6552504730556484
0.6488680122735402
0.6499156552204249
0.6455782399105872
0.6397783770090044
0.6387929636900594
0.6395747611082299
0.6324248902495504
0.6326841793844642
0.6347737607994555
0.626313288263256
0.623783698572895
0.6159615186107467
0.6165722769724283
0.6171899549114307
0.6070902979051949
0.6150784126565861
0.6132136294932298
0.611111259899865
0.6080301771939628
0.6047351358345224
0.6000332999951001
0.5921476327934059
0.5921917821267024
0.5917826745850187
0.5931392409904959
0.592263703638643
0.5816127457053779
0.5849257780419685
0.5846499432212742
0.5824919268208345
0.5807589889172129
0.5761120381223137
0.5764355691526294
0.5746596314350881
0.5679842934113856
0.5313094943412354
0.5294287674475757
0.528598040716954
0.5253571789558393
0.5233496541876841
0.5255789065106029
0.526360631466319
0.523841315444239
0.5195460476482066
0.5204731690457232
0.5205648431798338
0.5156022305604668
0.5110807025422099
0.515035475315878
0.5093227248548499
0.509302884197295
0.5061083857220376
0.5058664575469152
0.506551604074422
0.5011765991876871
0.499934690196568
0.4967701214883732
0.49814147948505394
0.49285796212583133
0.4940336581443151
0.4908841677995576
0.4880997595086626
0.48588317008859233
0.4857979422777248
0.48202438322383667
0.4820031848288653
0.4832500159692134
0.4771875891604606
0.47637843590260104
0.4731374555635546
0.47406331101426247
0.4713263224144043
0.4703355678639693
0.46970851015308795
0.46817504011651806
0.4658084598561805
0.46050254380976297
0.4658036429933409
0.46049324655245416
0.45856768569141876
0.45774094123493225
0.4591610413208076
0.45315414331229736
0.45475203619676335
0.4511568889734917
0.4543542399938687
0.4492017452345718
0.4466828622476476
0.44679709422291863
0.44556772571747927
0.4422900556981261
0.4417934256624301
0.4426574427845273
0.4388556308406271
0.439901360806067
0.43423614272836575
0.4340975716994137
0.433002522852255
0.43230970397864665
0.4314993439582452
0.43334375330802344
0.4278359562053333
0.4258090196730251
0.4257340014982344
0.42639091664996387
0.42825028178888547
0.4202586494434911
0.41961424937858993
0.4187023092255129
0.4208341888904866
0.41701990968368163
0.4144237236597832
0.4146421166001181
0.4151653760964541
0.4116264054355713
0.40969702495098487
0.40839171246559003
0.40942935554353993
0.4075090528075623
0.40626740186998006
0.4055419389902147
0.404868500225426
0.4017490969518792
0.40072653334370045
0.4003616009579821
0.4017274374525917
0.3949520240820914
0.39670516086061125
0.396168938998004
0.396736842103627
0.3943358273593418
0.3960471899970338
0.3907039080784023
0.3909727944156697
0.3861936527884859
0.3871416939122713
0.39153241015957746
0.38535094712253454
0.38635516479263626
0.3866436792455584
0.3852679218275455
0.3825221824480701
0.3784237310110427
0.38412979705539785
0.38007973432911857
0.37978647175966673
0.37713853551812376
0.37897610583754954
0.37458161248844135
0.3739875835405371
0.37661084115868987
0.3720393455169165
0.37168790483184466
0.3737941496893995
0.37084522951491466
0.36792506284333737
0.3683487632745121
0.3662442359142233
0.36571754165519366
0.36681004147206236
0.3661230407217903
0.36337619324746584
0.36398550890983444
0.3616970089521956
0.36415532977423737
0.3604741370335938
0.3604799243826591
0.36001705530197514
0.360880084531054
0.35958961992282185
0.35759265838351495
0.3565312729885795
0.35423259392402284
0.35136843478924906
0.35393193504367215
0.3504595113886751
0.35202814647575736
0.34761830727887255
0.34960666372064564
0.3478851581113446
0.348535975474
0.3464749577020626
0.34639939880041765
0.3449494115630921
0.34380388830853836
0.3447143384754545
0.344056525724649
0.3406524599131899
0.34149049290449596
0.3424912762163018
0.3403682687585888
0.33762179574976103
0.3378612948308358
0.3402569747676711
0.33765026381490204
0.3413711243602563
0.33742974327167163
0.33253403093864453
0.33367235159789344
0.3357366353766594
0.33532545215151455
0.33178775155731016
0.33475037947625225
0.3297033970992615
0.33065503892483716
0.33123512684060186
0.331171666071528
0.32881233106218644
0.3248781870622281
0.32827501812828075
0.32425146017608997
0.3237923553323242
0.32214538516861235
0.3231609710638833
0.3235588102809288
0.32023189592821383
0.3225107681131447
0.3216447167412627
0.31982148439827823
0.3168015316661337
0.3172879809168342
0.31426078764277465
0.3170956947593413
0.3189343831878785
0.3130221899151172
0.31616463250406324
0.312830221191416
0.3120855670667243
0.3132760253498702
0.31120468280310204
0.3090492827989024
0.31045076228540436
0.31018128819804536
0.3089559116562748
0.30970538443850953
0.3106525943416477
0.3083194904483463
0.28678860325343464
0.28632211376417194
0.2859276246403965
0.28664223957563933
0.2859245813195713
0.28506528534354286
0.2841503670517153
0.2849476897400831
0.28472016429819835
0.28432163831134916
0.28256115093117895
0.28396882744788565
0.2831926726793622
0.2831656216009702
0.28157290677771696
0.2815882203704041
0.2816381240101808
0.28100651089932854
0.2811451011801952
0.2813587215927694
0.27948115226962555
0.2778786604447694
0.27813552268194996
0.27787232448256305
0.2748585648097929
0.27627082762999267
0.27490184182655186
0.2738529933174584
0.27555128759918973
0.27457286429272443
0.2732281888663778
0.2732352569497778
0.2724269855760554
0.27172877952109387
0.2708382076474447
0.2695082668454063
0.27169330343889214
0.2716198170739653
0.26964986914723055
0.2677987016173543
0.266285974052235
0.2683783411821949
0.26622054035059195
0.2670151198714009
0.265785256832101
0.26671299451653624
0.2663256654617078
0.2640802874784868
0.2637145732787206
0.2649364331669892
0.2635495661654125
0.2624857887820735
0.26001642391997903
0.2609995898403161
0.2594313118041589
0.26030659272857265
0.2582746394817053
0.2600267588819918
0.2581365823572602
0.26031497866923103
0.25835398825252864
0.2570067355911795
0.2566794544922365
0.25731727733262433
0.2556774579647822
0.2538203739089314
0.253152833047424
0.2549562541601915
0.2541385182266527
0.25158005975470243
0.2500064665831999
0.2531896064621071
0.25075777090819995
0.2534217161936249
0.24968531544724784
0.2491601670857551
0.250620964199307
0.24627778014748572
0.24804309801579622
0.24708650345779745
0.24701748139876203
0.2482204240997791
0.24758582289091463
0.24660137734891122
0.24358932860516347
0.24579314368984456
0.24600519104272564
0.24584646496311052
0.2447388341468965
0.2443964077251485
0.24389095178325304
0.2411076360475306
0.24241046894045581
0.24050492121198744
0.24263168328656887
0.240619820083769
0.24097355115116215
0.24253962467068532
0.2378713400248904
0.23975677534766646
0.23872027964362702
0.23916952034343894
0.23937697464520397
0.2380880490217942
0.2390101953635772
0.2352775491984562
0.23696746669114532
0.23671805767239618
0.23514920692057328
0.2357229150988178
0.23507022168205224
0.23452550646310896
0.23308247651138742
0.2332554299014737
0.23134012356807998
0.23395267502347566
0.23206502654345795
0.22977027776940873
0.23065845286665765
0.22996775065331918
0.2316286240077906
0.2298349620031425
0.22865388897746614
0.22967250899851366
0.22804707267020974
0.23089970970637863
0.2270619254028648
0.22868171589573194
0.227412971928392
0.22706056017347578
0.22611588696874063
0.2254057804426043
0.22731935836222192
0.22479033816291233
0.222995763454486
0.22329580450691766
0.2231186000530488
0.2233352657660032
0.22073528230481543
0.22393713449790142
0.22234242267828108
0.22336756373878472
0.2202730335143758
0.22147246057925685
0.22207291120781036
0.22111517659275137
0.22179211874498464
0.2183238771079786
0.22101795569642946
0.219727842927432
0.21718770398800416
0.21619685390402366
0.2178289537644747
0.21820262311069993
0.21754914526585026
0.2185002273385703
0.21671624949250912
0.21718160546002876
0.21557683262924968
0.2153185870679002
0.21551914382730986
0.21594125904876876
0.2148530023673476
0.21462950003546724
0.2147984236017214
0.21225737931309197
0.21249189122319423
0.21295169019676904
0.21340565956935964
0.21156832424960614
0.2115892315169333
0.21002276005857198
0.2129440548922014
0.21150332124574817
0.21191768703856895
0.20900757158290845
0.21118472106917863
0.20791277188729396
0.2092602205377608
0.20914165656935496
0.20858936340817136
0.20795525117321148
0.20825761786266356
0.2053240968176266
0.20674979142223293
0.2060800539659678
0.20851058911001702
0.2071437187998299
0.20540992340208392
0.20537311954214998
0.20440108804663737
0.20439238613124755
0.20460584182035405
0.20405210326898782
0.20340871072133948
0.20309815000258225
0.20459303096798465
0.20414455297531275
0.20257676267868732
0.20435563316822825
0.20359177928282007
0.20235876811897668
0.20045825655725424
0.20175830621157131
0.20135846106038685
0.2000187710263896
0.20007265688939355
0.2012541577240455
0.1983874282041404
0.19881517592435785
0.19769429971712837
0.19883447614435568
0.19688193471307613
0.19706581582434068
0.19819266701388755
0.1983608627352646
0.194780290955336
0.19631119421502263
0.19913266974609256
0.19641616033430465
0.19653856502021538
0.1946306336599571
0.19420770751418445
0.19616817825975885
0.19498172123540286
0.19474779186602148
0.1954444389927903
0.19563245313380834
0.19364700257185347
0.19443549739176974
0.19425511038827492
0.1919998670071061
0.1947691801609892
0.19224042557789972
0.19174901848264597
0.19394131460557673
0.19121575727194084
0.19144501275400672
0.18881303830884463
0.1895296931501909
0.19067224797653465
0.18925883232489923
0.18973559959656766
0.1897841707881514
0.18965704995940713
0.18963937122889946
0.1881824757055503
0.18776544071649795
0.18820260968410024
0.18911454059174787
0.1870080364469871
0.1882173883629673
0.18703361087033898
0.1868338191652174
0.18768275945943544
0.1867470472231787
0.1857510451224158
0.18481019319768394
0.1841254279604499
0.1837938880719014
0.18618885768208854
0.18581375608894546
0.1840256289139586
0.18403508033806248
0.18523199884037922
0.18458430677976564
0.18348974830937606
0.18053142679514195
0.18044689009049109
0.18266446524923252
0.18083182906849088
0.18288834209941085
0.18134771909877712
0.18102322586560432
0.1803172893668696
0.18293627358774162
0.18095158885936824
0.18158513625600592
0.18088027228121462
0.179786496085338
0.1795048921494788
0.18036578726671393
0.18037270914481668
0.1803219396053396
0.17988005666758822
0.17683420153160712
0.17879495340419
0.17800476948509925
0.17868377585770334
0.1781750803280687
0.17682909370504946
0.1789724223159044
0.17660677938357394
0.17786904035694676
0.1780214442866594
0.1763386885520049
0.1751867458335434
0.1746226825184914
0.1755553430797221
0.17650057702485697
0.1742413002032265
0.17543394451930794
0.1748230189826893
0.17452928302037662
0.17428467701934294
0.1728143550531513
0.17547464313975608
0.1730176531035667
0.172766374644915
0.17261743288083864
0.1727400232439308
0.17181476759078237
0.17228661973533121
0.17354076206498376
0.17153469818877512
0.17032153609357237
0.17052736709270278
0.17006487859311675
0.17265895717174629
0.1708913610406671
0.17061973823040233
0.1699209212652528
0.17065146119846075
0.17034453600365623
0.17085705632527606
0.1699000440296848
0.16979580277165382
0.17130263112832722
0.16780944931424613
0.16939102469849332
0.1683289343143062
0.1705453542816977
0.16714624167201464
0.16785307328505808
0.16696664188526142
0.16598795364961233
0.16776779682059953
0.16491430994969392
0.16472382192431978
0.16590482310699714
0.1686556684503003
0.1640097435637085
0.16601465486672226
0.16516332375893455
0.1663935345868427
0.16391100223169816
0.1658867307675132
0.16592450220905391
0.16319528626008775
0.16393586197644822
0.1633070874075031
0.16463985369843925
0.16353589259419066
0.16328614824497323
0.16184955127696127
0.1629860553360018
0.1622461460593229
0.16379986999180915
0.15987677541722575
0.16113257919158258
0.16079566495530684
0.1627556577962568
0.16310038681876476
0.16257900081462878
0.1623874308846723
0.1631818106934088
0.16000383518408795
0.16269283985081984
0.1638269324983753
0.16119224142966315
0.1590607562632431
0.1606746483844128
0.15851923303820797
0.15729162320232035
0.1596691800650376
0.15884194030212115
0.15818617286225503
0.15757344697276265
0.15856633974991724
0.16006043862733094
0.15732805311297113
0.1560731722520316
0.15817733609381435
0.15815618204930984
0.1570256722376712
0.15585221082854217
0.1585754444367984
0.1560676270139126
0.15607797125657413
0.15549923201038923
0.15654731035107544
0.15416818437846758
0.15792618329303196
0.15628726036123283
0.15699880293081891
0.15475091829186738
0.15684430289426957
0.15607272417340595
0.15348424703325775
0.15485996771160104
0.15389366466523682
0.15617777452979453
0.1542476949310219
0.15621480683581468
0.15242220054337735
0.15482851778262302
0.15365780676524252
0.15400742340768545
0.15225679882181567
0.15294308226460315
0.15137378877352206
0.15293226397426224
0.15091647148246523
0.15209443497777414
0.15151649348059748
0.15313784539378444
0.15333791161906846
0.15168127236019302
0.15138896596583493
0.15178843553500143
0.15312049646673614
0.1506181532991502
0.14936426972769254
0.1494895240876133
0.1499159790281459
0.1504068561064389
0.1501286924045223
0.15075539386659784
0.14983166456393632
0.14960954171756982
0.15123081737584898
0.1487630627050379
0.1483392290551086
0.1501705721376439
0.14930510102920835
0.14837966635948874
0.14888770099263637
0.14979758677439464
0.14835241230180202
0.1492746368351084
0.14868534296028316
0.14789197216755495
0.14744456898565175
0.1475759991757093
0.1472672221747007
0.14846879689858952
0.1464058274148323
0.14789580371600267
0.14776423539665418
0.14685798560220575
0.14578205661116386
0.1467670592974298
0.14549240120651347
0.14708616904448063
0.1451972756776115
0.14635491098220427
0.14540382224343204
0.1458306382521113
0.14454450344274505
0.14466454168991277
0.1452038967814292
0.1467697093937886
0.1455354473150544
0.14600727156462426
0.1449002836864358
0.14469302831090944
0.14512085949573306
0.14331160819919433
0.14392831565228334
0.14387431466329473
0.1440352887686754
0.1436575792923327
0.14433073994433698
0.1447083103957695
0.14265028173561717
0.14408037305810723
0.14257858474304044
0.14168449708425926
0.14136495710306662
0.1410173996147796
0.1437398335813947
0.1420814137945598
0.14158580079660424
0.1405037505731741
0.14141415000303367
0.14093698108287925
0.14314716962654017
0.14137654032865726
0.14147438358827572
0.1294815752738313
0.1399523009864811
0.12922246885434588
0.14064823765541007
0.14102707953454227
0.12899865345006106
0.12888630841536666
0.12846714280266497
0.12844604116666802
0.12865826115226697
0.12835484522154417
0.12850235742943794
0.1283025432225304
0.1280760379043005
0.12823277975801517
0.1278378561260496
0.1278676172775465
0.12779470099211493
0.1276865941387888
0.12745825876756925
0.1274506896278456
0.12719136932717334
0.1272641831841338
0.12745344804205133
0.12734130475371758
0.1270072941809201
0.12671202778768276
0.12675399738470702
0.12681932982324612
0.12683623159324753
0.1264997481533797
0.12652855666319368
0.12637177394689503
0.12637017444949378
0.12627547670006664
0.1259629487829983
0.12617023685407644
0.1261684110479149
0.12607288735763575
0.12562607909393678
0.12567625504034197
0.12552753024033791
0.125394071468682
0.12539219952973185
0.1254701927378744
0.1253702640911473
0.12522332586068785
0.12513484912202982
0.12516541545443174
0.12478708017718645
0.12495992261474044
0.1247827278715198
0.12456334199168509
0.12452958367129241
0.12463491353565131
0.1244514078557097
0.12431301912769072
0.12441953348775456
0.1241371993074506
0.12411088140828497
0.12395056105037838
0.12402056041377023
0.123821313933513
0.12384549045665721
0.12368801846311868
0.1234256777108385
