13.839159135510698
12.649042551603914
11.44823762155339
10.671269661206892
9.860825335297568
9.249341443712272
8.617587721268858
8.158009334148089
7.756297212136248
7.267536015036291
6.9285759633783615
6.614408698045891
6.298482730986192
6.045953287400065
5.788652760870087
5.555537324109678
5.372098386650834
5.172353583592733
4.975242802922651
4.780959132269123
4.641868267847894
4.46656002271172
4.308274529020954
4.186612774080405
4.088169245250333
3.95043042432447
3.8756052681275674
3.7543256806453282
3.662218234674399
3.5610227812345165
3.4761852597473464
3.377817921507517
3.2952274427888995
3.2106852204719827
3.1544997048710943
3.084804056962155
3.0182204134878736
2.9538554645163133
2.8895348586685525
2.839255835149582
2.791697480327549
2.7281692346404856
2.6744074340670956
2.632096964952372
2.5863669796544886
2.5251695172486563
2.462277645615191
2.449569709966886
2.381253308851239
2.359271481048319
2.311608588456687
2.2765418760143064
2.2375346178746964
2.2176486302238985
2.1719458513066967
2.148981906311518
2.131643134737964
2.1022034233741147
2.0507647838823146
2.0215549279757066
1.998343546382947
1.978759555165891
1.9636122226458679
1.9037382088717987
1.8843961685679336
1.8765507858685329
1.842910025997687
1.7905406102213277
1.783987083342148
1.7432433244103347
1.7318198544314396
1.7122576195102108
1.6882802442978064
1.6790264483041635
1.651890359404743
1.649284720285821
1.6228185918306743
1.6017416328087402
1.58964641438252
1.5583144809060885
1.5556011224503337
1.5357381006219464
1.5152211720391602
1.5013078409311338
1.4810553910030355
1.4656861749369257
1.4620780678653575
1.4385370054455882
1.4318517296535695
1.4106137973437867
1.40166255129363
1.3903517956485274
1.3889245300510284
1.3559624272758652
1.3458706207272324
1.3390324324233198
1.3304835884213841
1.3028478609011833
1.281724947966386
1.2785903009425308
1.2700442005030754
1.2480847411019589
1.2587698978173338
1.2417667404563688
1.204219300269915
1.1835021675028807
1.1827529182081435
1.1731396634590194
1.1670748575015661
1.1585884531635873
1.1477829568633866
1.1472547519343879
1.1296000777537418
1.1251117315083008
1.1131707852657826
1.1097442181345958
1.1052627963337254
1.1009364665174726
1.0851210874795372
1.0793734913135893
1.0668418318116641
1.0651268108489864
1.0533890427226367
1.0513711786321347
1.0382557038581757
1.0323712573177635
1.0267169241230816
1.0184405380413721
1.013462982104353
1.012408418399675
1.0022745028709334
0.9931754073709718
0.9833213192667449
0.9758862081043376
0.9807274973569576
0.9706554482209379
0.9536401875140859
0.9572224752536689
0.9490960632757932
0.9474724065397564
0.9330599930541073
0.9297736869158968
0.9271096224178899
0.9245747443035532
0.9188148924860684
0.909160423556038
0.9069806514745893
0.8927515920716681
0.8962369773102506
0.8860882724646217
0.8873926686073008
0.8323093453599012
0.8302024455382451
0.8285156148039214
0.827436873377386
0.8215610635422206
0.8187443176214032
0.815093898436027
0.8123647589262817
0.803450668411013
0.8009785191663668
0.7952610208315025
0.7921519371342108
0.786095132282087
0.7854660935830327
0.7771788131048794
0.7799626832151603
0.7708876802758231
0.7647002828227847
0.7645382673888066
0.7634922025876563
0.758402104339302
0.7484715599837005
0.7488714997906392
0.747692092453238
0.7403109249389871
0.7367462312217938
0.7321469212672327
0.7299669720077226
0.7280027492702663
0.7276323882662665
0.716895526299983
0.7175959551365446
0.7144354439745297
0.7102124106583756
0.7069474193103298
0.7082493724385017
0.7037250422873365
0.6960913228417956
0.6943895412045441
0.6925263367111529
0.6890666463711633
0.6822416583896989
0.6843527569816417
0.6751023345363183
0.6715050711038635
0.6749504513300186
0.6695798705370748
0.6696637917842352
0.6604022310904258
0.6620854901540519
0.6630385690734997
0.6535881025984693
0.6516071241743929
0.6506581395196622
0.6472996532510461
0.6436261053543131
0.6410095274404626
0.6377298791017654
0.6369681246995423
0.6407397547095962
0.6361518937632207
0.6300690626449401
0.6261088797175915
0.6210649888185401
0.6232191909600857
0.6210051124885831
0.6170649217974187
0.6145124682866663
0.6067584902734174
0.611217220617263
0.6036824575269918
0.60528934395281
0.6031136236702034
0.6026163808515875
0.6012751010579165
0.5924487961607121
0.592611623118774
0.5905482983075985
0.5868303798839989
0.5843310935479034
0.584705535073403
0.5811721602379192
0.5841742474617019
0.5763759811079063
0.5742827173854198
0.5687864196301348
0.5687538589335792
0.5645326394113539
0.5316378067510754
0.5327174621797284
0.5310146263554287
0.5284758119845174
0.5282615375487967
0.5251910244150179
0.5261439772297885
0.5248009408009778
0.5205454089306712
0.523046359301594
0.5202310068584006
0.5136071026809134
0.5141303089548944
0.5108651307679796
0.5112360272714511
0.513551841982221
0.5078951823277162
0.5039018502703979
0.5042720927948006
0.5012284492939432
0.5013118533758774
0.49656276367348057
0.4968936754220465
0.49513350080434293
0.49257895415464875
0.49411190555402756
0.48767123351701347
0.48806733953244363
0.48464946496196404
0.4881237855362315
0.4845122788493313
0.48100445976370876
0.47809335850648493
0.481873495026978
0.4796963667083639
0.4776186668981791
0.47401978896569463
0.4740840825191174
0.4713687603450319
0.4680847422150717
0.4699310363282103
0.464001955968655
0.463774139425376
0.46256810081462957
0.462515367494438
0.4613875145081897
0.4564569783835418
0.4569152249913756
0.45388255486190815
0.45602269878096136
0.4517244032208717
0.45216585984755026
0.44512611994275547
0.45043353299269884
0.44721550506176955
0.44543262891835067
0.4430865570278161
0.44621336182554616
0.4403021000051484
0.44013914569328166
0.43933044487261014
0.43856385773294165
0.43819210489215665
0.4318952770620237
0.4332493789605357
0.4320221081646889
0.4345512146105256
0.42991517934876244
0.4313103134205278
0.42491022988401145
0.42608195154174694
0.4240116605102202
0.42335169158102787
0.4235625689994154
0.41727692331197946
0.419482897556851
0.41980943300712625
0.4160179884130446
0.4155410165125136
0.4185834386530871
0.41605723412893303
0.4116729170846412
0.4123714930776714
0.4110231739680947
0.40930685875835593
0.4088742438142185
0.4070833734519684
0.40543046781869063
0.40612193010513353
0.4067081041236122
0.40294637842248876
0.40067555072982713
0.39881149105262864
0.40054647377795394
0.3972563167618176
0.3960338788628542
0.3962263683641737
0.3939757324726941
0.3932609926239934
0.39322706919533057
0.39041776878468626
0.38990486002568614
0.3889512703672722
0.38765121095620547
0.3883399168412609
0.38307604252230254
0.3863187799311197
0.38391364279582346
0.3829660624993525
0.38266321942500414
0.3833124189761247
0.38161299176181557
0.3786089068223475
0.3771023971446965
0.37793243401103493
0.37742169437912026
0.37489109466376247
0.3749408335290394
0.37623265741049805
0.3734809821050436
0.37445536525323486
0.3710361525285532
0.3705705774419471
0.37220622190020525
0.3694505668653971
0.36799701071081187
0.36604666345927767
0.36886559824549864
0.3645046838124955
0.36412114749179697
0.3640746717559989
0.36182680458547906
0.36115992227428023
0.362590293330166
0.35664226097908913
0.3586097812977357
0.3580217708104925
0.3573851968175637
0.3564285915583173
0.3545461693100549
0.3574711940931712
0.3516574847945549
0.35291060021754106
0.3507197111655762
0.3513406112656932
0.3529730126816645
0.35158695474163293
0.349715920000265
0.351076292107781
0.3477913064064643
0.3492873797227227
0.3428844412206786
0.34734543338986895
0.34381900329313086
0.3420115531756068
0.3407076718604759
0.3453564161616248
0.3411450066403717
0.3413082972895665
0.3401137843892832
0.33949160024069214
0.34215755026570777
0.339627470775082
0.34016697300792087
0.33771617704321044
0.3401207381738118
0.3375745314822649
0.3324634843146893
0.3334428657643912
0.3332310241964174
0.3320942933044478
0.32987095319858156
0.33217811024800453
0.3321622470196766
0.3251735485117103
0.32713464642215856
0.328000790890529
0.32809726563344527
0.32681655793189407
0.32701859751682977
0.325935650512605
0.32230856288798293
0.3232885131607111
0.3264072099182266
0.3229557639773
0.31795803593913097
0.3180626319215176
0.32042255690603927
0.321065047848781
0.3205609330565949
0.31580811464652814
0.3197250148352424
0.31669789431434936
0.3129534363332792
0.3176646930689552
0.31812968963118576
0.31045101734985536
0.31260814653447366
0.3135073469309324
0.3121056975386364
0.31037827723232003
0.3123083876339138
0.3102885606547119
0.31103015861589933
0.3104200664870319
0.31037622952078725
0.3110612713462194
0.2858002904727806
0.286133432860913
0.2858240612592897
0.28454907257500905
0.28517786334399686
0.28476708409053797
0.28566107748684433
0.28381535828650956
0.2843924102963271
0.283456989398303
0.2844032234307434
0.28432660272321497
0.2840598076092078
0.28364991010236906
0.28360303025671274
0.2816527397891775
0.28146076181136237
0.28156635728775314
0.2818888426480334
0.2813559123203564
0.28098285766571107
0.27853895524654115
0.28035077833570826
0.278141642164897
0.2757975503330721
0.27702530129862846
0.2751961841185334
0.27683801752480686
0.275518336721193
0.27483381624605785
0.27285007636298875
0.2756107927935051
0.2730399503186033
0.27235917528866627
0.27058402556526745
0.2721035544085746
0.27116503485828075
0.27082513663433133
0.2708644918827684
0.2704875720348844
0.2691940760130288
0.27016215210761346
0.26804273223213926
0.26711344660261604
0.2656824106030342
0.2676665813812721
0.2650815400434121
0.2655549425060709
0.26450171183228294
0.2645547245323718
0.26358073854089636
0.26502097899947163
0.2621382637125964
0.2613229371689431
0.26155047499605644
0.26069004968232207
0.26056085855342415
0.2621893499242026
0.2597580643170849
0.2593986984418927
0.2594799329816072
0.2595806136257079
0.25661568679274976
0.256619595075274
0.2556123399093508
0.25532926757042307
0.2552530755882987
0.25258502516708176
0.2542961210101092
0.2518223305367917
0.2545058606148979
0.2530331640491829
0.2535070746284089
0.25229446000022704
0.25329184516927794
0.25111252718480903
0.25007799786697205
0.24835775382194925
0.2486935114390013
0.24987774321042366
0.2476406030554267
0.250168984104414
0.24996940424277342
0.24830345141583055
0.24807812590904404
0.2473409376292824
0.24640277452373766
0.24714899044662614
0.24411529764374393
0.24434801145963206
0.2448564654138127
0.24353986073237652
0.2437350022006666
0.24253187732656045
0.24296477091324276
0.2425926375621995
0.2422646303854151
0.24220584344295332
0.24173351318975222
0.23970640702852392
0.23917787479995553
0.23956559661796517
0.23931115489347404
0.2379615018801735
0.23873478829428224
0.23775701244041555
0.23856890524529434
0.235388961661439
0.2345321631501076
0.2374623441308279
0.2374030806532926
0.23675217721574882
0.23446194786449268
0.23332085404170327
0.23526519207475816
0.2335177409794062
0.23236465946662266
0.2330449778306945
0.23339821366585056
0.23177114856503692
0.2306567897896457
0.23087820992966784
0.23054778005107324
0.2300434337906654
0.23123587618580557
0.23054651609481058
0.2308169108577255
0.2285540149812647
0.22917236559037207
0.22901908795043058
0.22666127964162713
0.22817692710758025
0.22822118582068923
0.22786695456071354
0.22622564236023096
0.2275689766380239
0.22679186418227798
0.22595235692916615
0.22614836018520493
0.22513761586245806
0.22405488246698724
0.22422187404508406
0.22446675044836695
0.22019794925025052
0.22363077654716507
0.22243191560377995
0.22182812329704688
0.22126077758580948
0.22161397221368503
0.2228042601203009
0.2201653317190315
0.22052721913964604
0.22009682499929256
0.2201903799704894
0.21889448305628462
0.2200669169596094
0.21703340383603204
0.2170036603171866
0.21885690392101936
0.2178634162261321
0.21747339623734435
0.218214846962405
0.21535565109178378
0.21511244026327092
0.21511005654636306
0.21370635931723428
0.2131551478653023
0.21532142822031516
0.2136494287519446
0.21372996887996265
0.21534916172126856
0.21483947549037652
0.2116354228436188
0.21371348062580808
0.21362765671659759
0.2131790446816922
0.2119182858220813
0.211650521225734
0.21295758835640444
0.2110580096731917
0.21020354897525578
0.20900412415634917
0.21011304961008392
0.20765698692701903
0.2096024244742472
0.20939214852103533
0.20769964448079464
0.20681498925980263
0.20808640416516283
0.20717193730534517
0.20860954132561857
0.20656131203847394
0.20622479306663366
0.20657858896987025
0.20430234995605756
0.20351408390388315
0.2065041654221858
0.20390803126155277
0.20563077855469375
0.2039578867651386
0.20585815655308126
0.20321980104817156
0.20548056863690506
0.20382325016483321
0.20240429076862598
0.20344972580325588
0.20112988743062488
0.20166272290563486
0.20085637169723328
0.2029011188023236
0.20225619838575823
0.20062984948256826
0.20077485170583373
0.1994720011197657
0.19923729906926296
0.20019441078105388
0.19798098863899893
0.19803401827920197
0.19980681701564776
0.19806142985109404
0.19844788161133806
0.19638760590173376
0.1998180475007439
0.1969055717222014
0.19693704453535643
0.19431428516092408
0.19717542540562277
0.19522195855618066
0.19737119764522676
0.19581818314159533
0.1925741900644681
0.1958599095614872
0.19385560878722288
0.19386864529960832
0.1944498895138716
0.19219286169647717
0.19548595145317793
0.19131086187323235
0.19326082139865436
0.19167518632676092
0.19152515900120876
0.1906434344771108
0.1928418472074725
0.191764942969202
0.19144290497330815
0.19311648490484004
0.19146389421088317
0.1912889536470317
0.18996540853961674
0.18879137443406763
0.18883378082297497
0.18946507261591877
0.18904816953905879
0.1872585177583602
0.19074237562465896
0.19095129575810404
0.18954510737258204
0.18820452771974744
0.18732921707022854
0.18584371789792725
0.18665632685415262
0.18721358077312175
0.18734178422219827
0.18594687534201085
0.18508648312805462
0.18487704846649763
0.18511761033459265
0.18553513385918108
0.18488623055087883
0.18532576254764052
0.18488240249088506
0.18253686507554762
0.1828396085365901
0.18268190321359953
0.18158517808858307
0.18389024178198382
0.18369217679805275
0.18151734667363342
0.1812628724816065
0.1799719927620751
0.18116068991840167
0.1794497251594535
0.1794329481429247
0.17878410374869078
0.1823387401958817
0.18007225620710443
0.18005341525203278
0.1794950234812302
0.17992476031892862
0.18151817343582594
0.1776543962177368
0.17730321307383634
0.18200519577133206
0.17818163594950107
0.17903607573514507
0.17703176314502117
0.1781569325779131
0.17683280471646015
0.17748293264068138
0.176555211226449
0.17631888869909176
0.17506057069498437
0.1776556664058967
0.17606388394613193
0.17644288405396538
0.1767046725197048
0.176153204622957
0.17480251942046834
0.1764127765000012
0.17506607897112758
0.1761290841905344
0.17461232618135342
0.17425375571132262
0.17456433359955667
0.1731165305092705
0.17265947992919337
0.17215228343027747
0.172262073535353
0.17436136689062323
0.1750493837417281
0.17365132611839074
0.17130382564242835
0.17147925996309482
0.17259678540180629
0.172532912535425
0.16955514746813946
0.17117001071659957
0.17145944480676803
0.16974849820816473
0.1710524373545104
0.17049466636996954
0.17207596515241533
0.16889570858599853
0.17137517370090677
0.17013267694584272
0.1702176792046589
0.1701070264872456
0.16893616094537606
0.16722727529275402
0.168048315408991
0.1676560675619237
0.1687340656009883
0.16756733638713628
0.16596138502343818
0.1664034825857374
0.16611725746351935
0.16898064578794675
0.1694688341652409
0.16653793685548748
0.16639620925121903
0.16578838193009374
0.1661730113478299
0.16508926195573395
0.16385632990490875
0.16430107284727313
0.16674128482601702
0.16573031421618795
0.16496438971680477
0.163273748956519
0.1655643912278424
0.16517272291361537
0.16513923906691447
0.1623944106386736
0.1643137784495434
0.16433904366248783
0.1635465072100294
0.16364972324732208
0.1612758340010157
0.16108124162893206
0.162292516321138
0.1623157212613856
0.16293643547881742
0.16176823142238278
0.16319799224141662
0.16224952682725813
0.16250294405611157
0.16308465478021306
0.16027206926438595
0.1582847553511323
0.1604469315943834
0.15932628013944877
0.15970816536172266
0.16112256470137823
0.1613919854047117
0.1575791174521129
0.16029520001330752
0.158656152428361
0.1578680580163251
0.15887598974059244
0.15787507021317082
0.16105379105620046
0.15844923562932592
0.1565229474324451
0.15646393824133667
0.15812964150613312
0.15729677940243733
0.15481920732023013
0.15600580354046656
0.15639058591837027
0.1586427775688219
0.1544230058806272
0.15621101920577984
0.15549263537653815
0.156859572215169
0.1566497721304546
0.15574951690886052
0.15439863829216394
0.15554830218641713
0.15380333610647567
0.15466879579459603
0.1530987050557357
0.15411402440361854
0.15554982849766788
0.15404258552091846
0.15495631095353077
0.15385990003580902
0.15304658947913624
0.15335134257664323
0.15252995178857076
0.15366365999876308
0.1531377317759123
0.1532846833172937
0.15203084386448268
0.15145395508643533
0.15106889110214183
0.15226622154884864
0.15181325986952374
0.15236188786409882
0.15240708973732098
0.15189198757788092
0.15232377355390325
0.1506047981995164
0.15044032929810952
0.14952580006792687
0.14966014477224918
0.14955206324452774
0.15250619295728796
0.14890925449792292
0.14963334124422545
0.1492996797026933
0.15053368507021703
0.14923346457761938
0.15002396998015116
0.14883201485358286
0.1487046816068448
0.14946612471385123
0.14842787307169714
0.14859236926820643
0.14881709090562395
0.1471067149890297
0.1491679964881794
0.14859456070812654
0.1480165539865274
0.1474108730954373
0.1470704338782457
0.1465859084200838
0.14837724848246325
0.1479797434046151
0.14617709242200588
0.14736736012427912
0.14558445488043503
0.14642681971583216
0.14592059551909442
0.14714051787928667
0.1463468675043913
0.14528141916421844
0.14518819850639716
0.14542068454666435
0.14532659610171605
0.14524752077631092
0.14602074468195952
0.14434437050382826
0.14524222828797007
0.14541621579327113
0.14430103061392316
0.14467349425590442
0.14354687548360062
0.14525352956722146
0.14488791387653635
0.1456887280105849
0.14334041165540157
0.1438179707017241
0.14281583123181577
0.1439577309056719
0.14421008181343722
0.14517610467676775
0.14376913341513956
0.14377107206760797
0.14313299188873543
0.14434651526263706
0.14271427510405488
0.14272716445530875
0.14310528181046606
0.14371479782550522
0.1418539205829478
0.1421651540669845
0.14119481235807116
0.14154914484143488
0.1425761251927446
0.12956397866701905
0.14267187662664185
0.14197770175877622
0.14137988079376923
0.14112544141999364
0.12933572766022736
0.12922970959385083
0.14105730002256678
0.1410138010395258
0.1406487365421981
0.12882992793640966
0.12884317092536435
0.12864058890532845
0.12845813425981645
0.12846915813666443
0.12845093854244
0.1281441673251598
0.12816315661410443
0.13993594202147505
0.12793365016278244
0.12813322113350978
0.12805482552760167
0.127694030254294
0.1276744058238347
0.12777081435689183
0.12744669015313007
0.12739722326082784
0.1272485114363576
0.12731895573618657
0.12700974042101648
0.13775019229240398
0.12713735529493703
0.1268414634925236
0.12676162446089506
0.1268244442147906
0.12671798717087226
0.12653073323510142
0.1266277850362627
0.12657118667104045
0.12637064158171682
0.12616793942703453
0.12586306951705098
0.1259584566177648
0.1261215099707971
0.12578839014839446
