14.521852789320906
13.239985266705958
12.062203041485704
11.194627130495665
10.405779260989213
9.73596992144676
9.030932294224241
8.581020235221821
8.036528812573376
7.693367570737459
7.241575250266763
6.9993067369772834
6.672631504326143
6.331430845816691
6.114942895285137
5.826474450764135
5.592703980611072
5.424248410388463
5.197727403985599
5.059061431609493
4.86889911807896
4.729241220351046
4.572296900159148
4.4234549670275385
4.280572201993396
4.1387539962884805
4.0433589575021145
3.9326645708893495
3.8473478887144723
3.763425295239157
3.65156759853364
3.555244780680034
3.4967904720800815
3.3887087180392292
3.2886896387266744
3.2275517147479276
3.146930479505006
3.1180275954754864
3.0496035872664247
2.972004260222561
2.9295840727417555
2.884817213931145
2.8436560467047087
2.7502078084670725
2.7124200329248986
2.6762280149719193
2.6436342741761623
2.57051857671141
2.497578911669353
2.446724888253678
2.441370960922793
2.378008711749576
2.3339789145653165
2.3041338700405625
2.281274403724777
2.252613352734443
2.2174169213261727
2.193873740513106
2.1564208604354906
2.134464227041958
2.105549183028759
2.0751487458978084
2.0407934880251775
1.9991702772204218
2.004345840838246
1.9750464980828824
1.9388458864823157
1.9083084171604157
1.8740347269803208
1.8624531090600212
1.8254215093321224
1.7789728330967967
1.783996635408538
1.7544186243298383
1.7455901627832222
1.7224360048989091
1.703315873064755
1.6757900838874504
1.6524607769335626
1.6485714206978408
1.6099817011317157
1.6004443497882335
1.5887831657878264
1.562490628716148
1.5589353785373474
1.539090491035986
1.5142200120563842
1.5061866313122882
1.502905236789068
1.4758068893936696
1.484654404002049
1.4589393562288262
1.4312370852199605
1.420023535717553
1.4183722243224315
1.4064593038567585
1.3988645055468352
1.3751153207304265
1.3685818144091457
1.3615176272572227
1.33973484117538
1.3361465812280016
1.3252592010102582
1.2896656229002132
1.280825276474133
1.2705768966480013
1.2797353893912837
1.2372388254454618
1.2430675664005237
1.2290108817490544
1.188539018421399
1.1852411155406526
1.1791511133108288
1.1691643984844518
1.1602720330669094
1.1563944193272122
1.1497564615087226
1.1442720052406694
1.13621404740015
1.1233647533469222
1.1245987185612563
1.1143193664976991
1.0983095091695132
1.0979240933955157
1.0834540919392097
1.0810876042150928
1.0761591817365694
1.0703948380935926
1.058846827775165
1.0517766454886148
1.0450092235947241
1.0379894158571683
1.032275878261688
1.0263776395652555
1.0196632905778515
1.0074294465396132
1.0069676822170128
1.0013464612800704
0.9954128390883341
0.984303453354822
0.9854196068409112
0.981448452073563
0.9678304694192548
0.9597590710051669
0.9598822403802296
0.9449950823457494
0.9415052432254356
0.938186179665421
0.9407266857763412
0.9341758290060398
0.9235163118228409
0.9216639225081894
0.9084838651050285
0.9059175277270128
0.9044662099992394
0.9011093232803148
0.8918091746166181
0.8923414220806922
0.8872921107167377
0.8358587785736749
0.8293803428364913
0.8302493348058746
0.8260676183687553
0.8198394548445879
0.8205494555329028
0.8154574618310946
0.811695103396178
0.8093943051852577
0.8000399591347073
0.7996446799002246
0.7949116570601671
0.7980182384133059
0.7876737877023487
0.7782414334244299
0.7813138406066997
0.7748847955303964
0.7749914286200579
0.7680530883215283
0.7661549994199532
0.7608207493782507
0.7588531807619643
0.7571839658814407
0.7513220521185986
0.7473257210004766
0.7398744537851019
0.7381644728608421
0.7365808119670169
0.7340971836124731
0.7321635737552958
0.72101960618313
0.7243533175762977
0.7212726145997812
0.717071842368108
0.7095456980709633
0.7093562126916573
0.7062320373768702
0.7052752452182198
0.7013111023598378
0.6981583797582118
0.6921463852976841
0.6888551693248741
0.6867521945513215
0.6865954960253384
0.6867888832415326
0.679671158883572
0.6803797866809236
0.6699393395451665
0.6749983440269745
0.6683357243081514
0.6659895359357706
0.6609175470103347
0.6596267616943325
0.65222178283218
0.650507207417366
0.6567451533498257
0.647691523419386
0.6456084279256444
0.6474422943447652
0.644525343965269
0.6345583037810036
0.6399083933219385
0.6318175703775852
0.6260948069437324
0.632761950227332
0.6293118370309719
0.6190615483864337
0.6271904563844231
0.6194531927814608
0.6177137468235256
0.6131829714333079
0.6059956190680196
0.6070514696460719
0.6083420797110358
0.6018977091792874
0.5990795752300528
0.6015401885994709
0.6010983624638996
0.595023567603721
0.5902859642191742
0.5885725010907721
0.5902779012567911
0.5837347980943661
0.5818695105821439
0.579835306207483
0.5856864442816473
0.5807361318654782
0.5800534195801288
0.5704214742220433
0.5701101987072326
0.5710240383506535
0.5727805006568281
0.572281751311516
0.5335475608479501
0.5303453621778473
0.5324380080572848
0.530873549516028
0.5286843520800266
0.5285814450134003
0.5240412691825452
0.5260856837899326
0.5217612291181823
0.5197273734439682
0.518965843640018
0.5172052174177078
0.5213058124968482
0.5125675852336912
0.5142830585139462
0.5133784549884507
0.5122973954611041
0.5056246105126945
0.5071378107044087
0.5096818164752333
0.5030682370655376
0.5036869958800679
0.5016778429284636
0.4972544597948354
0.4987940441191739
0.4925511648048143
0.49073939176198506
0.49059347899734124
0.489609274214705
0.4867425723551275
0.48928251775861015
0.48240020541988005
0.4803136050516625
0.4813771688971912
0.4790053290336038
0.4801350166004005
0.4786444213778171
0.4752186915686297
0.4733259936711681
0.4687733674317937
0.47163774592257257
0.4697663282689916
0.46517519886282455
0.46674716740663086
0.4662702107344049
0.464466948385475
0.46481609976510896
0.4579664264486075
0.457354855272003
0.45996413560225957
0.45520065443737734
0.455438288134535
0.4577679967469689
0.44974406382129584
0.45155997812016635
0.4485412270559476
0.446934190428569
0.44544541789704906
0.4429319003211475
0.44461125387922495
0.4433975388712167
0.44417266100152286
0.44319258564792674
0.44012199650747985
0.4343200323520023
0.43622632098430814
0.4324172962055911
0.43229025544007527
0.43369009825815114
0.42930430226552174
0.42879703189696106
0.4293414940691033
0.42636856593410927
0.42470788736797205
0.42727093825915174
0.42485867066154637
0.4211911368851321
0.4193074021437565
0.42231978374786366
0.41981043880039864
0.4189316230340927
0.41756310939288144
0.4178405849326828
0.41411484512492425
0.4166666400042215
0.4097405513463855
0.4119782454778579
0.40984872918733345
0.4072780818474001
0.40731993967544927
0.4096460724089354
0.40530412089103945
0.40679614440044987
0.4009625133352665
0.4025026757279727
0.4029496338771742
0.4019168155827174
0.3978088081599509
0.3953705955479049
0.3976394290603713
0.39317041626578086
0.39877502614502447
0.3924123716207913
0.39186526591360293
0.38973768924000896
0.3924301650897667
0.39070986728864343
0.38919971031535283
0.388693496185175
0.3896381949114397
0.38641427495351194
0.3849732702871762
0.3843879719710427
0.3844549668431057
0.38045003974151853
0.381023695238822
0.3802274551499136
0.3804146570642189
0.37924297638639504
0.37914268490932984
0.376604620420558
0.37817945612309245
0.3769957119800557
0.37621001185868636
0.37398212580298007
0.37040823915133725
0.37017521632747336
0.37202619077431054
0.37073236945927274
0.36966493892404173
0.3700306449705749
0.3668075058519548
0.36483407848532123
0.36597468034376424
0.3647272850956426
0.36489300417736015
0.3629882684642166
0.36241356860990037
0.3624709865791672
0.35848263117618784
0.35870708038639804
0.3624202578911411
0.35724247898735967
0.3568844184464126
0.35641419259671325
0.3549478901301555
0.35257833258089305
0.3559292041746832
0.35439579744784877
0.3525685020770601
0.3542444608015245
0.35073710314850814
0.3525905790628315
0.34688967184320346
0.348068865538097
0.3490101507690849
0.34864532912899227
0.3483744160794498
0.34662307457555985
0.34651851720774746
0.34407608493264463
0.3432635742178942
0.34129613989876134
0.34522910837492926
0.34113678126213953
0.34192581399610167
0.33871202426689023
0.341953364775616
0.3386035759337224
0.33871987747130533
0.3369587941518023
0.3396436442261489
0.33770005265915726
0.33288026453039665
0.3359270580088767
0.33143788639386573
0.33363901385287
0.3356351185691949
0.33206191659906326
0.3351667430799944
0.33176298885716105
0.33252714054725346
0.3297580130206569
0.32923186818131284
0.33082487387603265
0.3299676292956235
0.327183379643418
0.32866600146177116
0.32500182993029714
0.3255468922935998
0.32727457773346486
0.32225885713279756
0.31131701525782773
0.32419681441236325
0.32379495908730604
0.32114729550573
0.3227793416706703
0.31851080713706637
0.32232769013854745
0.31649032851818504
0.31961096908665243
0.3173463408023315
0.31474077259282185
0.3133825558446904
0.3134146909579374
0.3122105203705072
0.3143018851331095
0.30991927654959794
0.31484825821148665
0.3121088947875762
0.31293260805026707
0.31309723974895176
0.3095907031274726
0.3093688438032006
0.30952884027985195
0.30895846290098006
0.3054691399553565
0.3069860283420439
0.2861276650002449
0.28586297118943915
0.2864784316114873
0.2855902333656831
0.28616551252801226
0.2848662953683617
0.2854471219893716
0.28538536014260896
0.28651582113342755
0.28438816106018605
0.28446146244277204
0.28405396286362417
0.283072382844436
0.28340764765904
0.28285808304510596
0.2813683118941174
0.28411224661825574
0.28009035110610425
0.2807782861268834
0.2789625599606438
0.2800367411415863
0.28078904013430017
0.28039239009684847
0.27731845309076786
0.2774100741158233
0.27668666307474665
0.2765174563542001
0.2788300324074089
0.2762122401649583
0.27434137960027555
0.2747556307890733
0.2760359300399122
0.2739198786497411
0.2753093642674807
0.27392487643244234
0.2722412123057933
0.27239374337479094
0.2714309132367927
0.27232802588684646
0.2711844390246967
0.2675252429849252
0.26872823932444934
0.2684455459218569
0.2697689365038448
0.26932808735439323
0.2679129827521976
0.26794279108641716
0.26564854034058016
0.26546229528891385
0.2661036148638016
0.26473722378578946
0.2633994177501785
0.2636417342497714
0.2619361875045155
0.26312126001608616
0.2613777624588084
0.26042176939897843
0.2608583126248212
0.26091648119889466
0.260878781273214
0.25963327675165804
0.2589061273728538
0.26029503864004594
0.2576484587045323
0.257696556581169
0.258491860117899
0.25549803808435173
0.25583634418222856
0.2557275688799677
0.2542324326349572
0.25645817851288344
0.25476549197497406
0.25465196398790513
0.2542938364012468
0.25415457414854703
0.25176038691805275
0.2525873870149627
0.2519642433146254
0.2504495566690256
0.25103807536988765
0.2500573322032392
0.2494290581255976
0.25053771202733344
0.250736771558021
0.24968637657428447
0.24800192284370723
0.24807233582056595
0.24735072012187231
0.24823583136047261
0.24877184012928977
0.24674850697423892
0.24669855956802564
0.24453580385654816
0.24382315721985037
0.24487773548824918
0.2432640735117363
0.24411296249596376
0.24302638333428037
0.2432431923702734
0.24210477213496231
0.2418409383930978
0.2416218239145789
0.24163874834222554
0.24073315510269083
0.2402223359304756
0.24074834623905872
0.239890217430613
0.2387619085070878
0.2376603819861316
0.2391628220175153
0.23724925339630204
0.23759844183994233
0.2372484385678547
0.23655574976840685
0.23719749214800684
0.23733258076823008
0.2353454883039413
0.2348013306922769
0.2350015256250012
0.23552939888289132
0.2344312052254969
0.23331803213986718
0.23272712118879782
0.2323414839017539
0.23198126504371858
0.23256563209544195
0.23225727146067526
0.2316705984863438
0.23275591967182066
0.23071458075827705
0.2308728513850653
0.23147034887015538
0.22927990714807323
0.23015670256364046
0.2301347085944599
0.2273719023598909
0.22867234049641866
0.22777188950634014
0.22707538589728074
0.22568066571064946
0.22843463822307797
0.22559786176630608
0.22644589016861688
0.22757996941085593
0.22429912348952002
0.22561271887899578
0.22407755049249545
0.22402161556351358
0.22343423765815545
0.22395440175561931
0.2224611802550146
0.2240513461515633
0.22330173835366024
0.22322380679588205
0.2213545479378388
0.22224371274281624
0.22169701542675851
0.22174852197371991
0.21917811321152073
0.2207440899038744
0.21930350913401725
0.22058609611366026
0.21981792532767286
0.2198672310669383
0.21911515458290523
0.219742575259383
0.21592240915753735
0.21811661686934655
0.2169722492467946
0.21631189067991158
0.21526749918969584
0.21650336640817586
0.21682529881851736
0.21597201516876224
0.21525110862297991
0.2159467401483579
0.2148033538192166
0.21248299422031608
0.2138680451041708
0.21437821541704638
0.21420786238807266
0.2135936907502685
0.21413320654743556
0.2100653758856015
0.21275455213004935
0.21199971120462607
0.20993127227573496
0.2120688298152817
0.21154046347439814
0.20968807236551953
0.21019502843543988
0.21025773360648714
0.2096406683476232
0.20784706135200623
0.21123686904800196
0.20958754765982518
0.20745585336844669
0.20883535557398203
0.20847556600140849
0.2084795388663474
0.20704851525328194
0.20762992270925337
0.20541349158148592
0.20494202830663028
0.20518247882060336
0.20599825996824705
0.20365382981831887
0.20544020377495145
0.20600719847474236
0.20354180009509265
0.20400610570086997
0.2047332040273116
0.20300982664649725
0.20217869742702305
0.20320752062935554
0.20225395496914755
0.20324911787727673
0.20087311458152046
0.20020578915080023
0.20219752893003717
0.19971143365499416
0.20039037477587301
0.20133409525585222
0.20022227047652452
0.20119525153731502
0.19977910618735392
0.19859569766754276
0.1989293706969809
0.19872155630535104
0.19921006626747215
0.1963026192883848
0.1990721043868956
0.1986391230902831
0.1965261540686143
0.1966249714722318
0.19842771211816057
0.19694109698957446
0.1980025412981601
0.19591764525414845
0.19785610145275084
0.19436610346263222
0.19526921198000335
0.19481775971603213
0.19510156472522655
0.19546726295650102
0.19562973099304487
0.19579396206892796
0.19324771564591176
0.19135471270824667
0.194280911289772
0.19258248501030834
0.1938772892200177
0.19309500385825687
0.1927852516683393
0.19240678367045802
0.19234680443496333
0.1935747914818245
0.1915717443875451
0.19125200460481664
0.1922536596448944
0.19073200862914858
0.19134940478964638
0.18867882110076295
0.1892659140084598
0.1900843628631242
0.18803995154276124
0.18993100398709745
0.1883272831536442
0.1878529882501084
0.1885397037750056
0.18870087593600374
0.1892233085128686
0.1879311248504274
0.18628985506971332
0.18588060466108203
0.18581083383948283
0.1866432882113827
0.18656481592919222
0.18598098052995482
0.18683126005338835
0.1861996088609851
0.1867661724825993
0.18441256551574156
0.18691797189883685
0.18476856078556922
0.18570207570841887
0.18521472764384272
0.18492661336396227
0.1842539727970376
0.18236766682539723
0.1827540150685138
0.1822214491340972
0.18316300693634902
0.18306176855461898
0.18349472379109785
0.18050668693683974
0.18287537499475492
0.1807148321628759
0.18210849641202914
0.1813290242969299
0.18173696650389815
0.18117146391130404
0.181092108801991
0.17963055070890532
0.18004412222916813
0.1805423131150866
0.1810783243013853
0.1796773878586805
0.1780110827869919
0.18033654080969427
0.17800094948476614
0.17830471022648736
0.17917249472971605
0.1780949425517008
0.17724695569378923
0.17573894068181234
0.1765564555614293
0.17858979401254088
0.17670176436758767
0.17549123740415554
0.17704111376473378
0.17711756503269727
0.17433344128452688
0.17357883166586588
0.1757467086816132
0.1763128188343711
0.17641895772513436
0.17304043300344574
0.17502958164523136
0.1750361786048154
0.17229844850671328
0.1728559752537285
0.17409517333097824
0.17185282246312228
0.1724799054796989
0.1745584143785257
0.17356651910624152
0.171521107672433
0.17028908897987605
0.17285316258750896
0.17161072653427084
0.17256546213474566
0.17021446385612193
0.17097975434692048
0.17133941907367387
0.17306923351302772
0.17264470961877065
0.16943929815381464
0.17096646121757486
0.17116880525548708
0.17041271711188075
0.17075535960215518
0.16931819036698756
0.1695624688350108
0.16953113467376824
0.17033531164433385
0.16806834466319628
0.16795487654345947
0.17033643393313583
0.16838030402692425
0.16918072674710233
0.16710433270165653
0.16898242243132527
0.1692359769543228
0.168401419147051
0.166808181097565
0.1677752475758041
0.1645711608835009
0.16648863649902523
0.16521039208169555
0.1659433921219579
0.16352283855335314
0.1645546243647226
0.16564891576273028
0.1637414096004261
0.16453795996439452
0.16483232343220663
0.16466313110467012
0.16500284912160054
0.16491882706228153
0.16181953288617024
0.16250190372878934
0.16199037791934073
0.16294959554185767
0.16454949508879652
0.16159869910841734
0.16262415923443485
0.16198510012244755
0.1612700746347798
0.16265573056872826
0.15964394364814438
0.16087225633435764
0.16276778177191403
0.16172024978591196
0.1601051931317045
0.16277668349623126
0.15985008893678468
0.15909492811646403
0.1610673148935075
0.16003747220329445
0.16000684844414195
0.15964957578377778
0.15908231453704047
0.1597769037614893
0.1590224100111115
0.15940030118120377
0.15789614838534874
0.16059413226916605
0.1563481445610725
0.15709881664477393
0.1588236903475024
0.15714392751083153
0.15711238293633442
0.15910896027669452
0.1568233999213291
0.15739642272242121
0.15913497231429688
0.15645722582543753
0.1578210847234402
0.1554306128522228
0.15633881614348497
0.15775013334224014
0.15628537356325864
0.15713392499176848
0.15780286903847554
0.15491084662557966
0.15712921507653618
0.15719909711785932
0.15635096262018267
0.15543393285642537
0.15213121825442982
0.15579895859778248
0.1531360339795526
0.15622769752287297
0.1542495903309941
0.15500592906153798
0.1536799203811458
0.1529418298834878
0.15305447535354716
0.15491302219251452
0.1532835829729322
0.153764796356362
0.15508795153808874
0.15267411017039761
0.15373007769661853
0.1512503695641101
0.15189987918273828
0.15437796259514414
0.15063080760209005
0.15144022621978195
0.15154137505052176
0.15228455019944137
0.15262930836163377
0.1505707801368635
0.152472428321839
0.15002112737537432
0.14995621264251782
0.15311927296307176
0.14969502921468775
0.15076602227836133
0.1502063171673967
0.1506310055480432
0.14938131665229493
0.14823880065630135
0.14921437039568844
0.14974158132559978
0.14854837011606037
0.14822372328465577
0.14885119964265953
0.1481589904196437
0.14968533967591213
0.1487294032774969
0.14683224193342284
0.14850562618016397
0.14831936231507684
0.14675545805621312
0.14923385232209824
0.14797732412856307
0.14814796767544236
0.14718771916611786
0.1470285426411624
0.1475255113268824
0.14662854370889988
0.14665817957337282
0.14554591124128535
0.14559153609766098
0.1460050460580078
0.14524896521334996
0.14759379245188542
0.14653093891741947
0.14593233662046146
0.14623307702441365
0.14559932555697286
0.14477984860594348
0.14580822871958504
0.14573543225450977
0.14443694700130663
0.14416887313255586
0.14515642151921582
0.1449054832210976
0.1458370488833438
0.14309594988550203
0.14448844000817246
0.14356208174307425
0.14387629107824296
0.1432628833508943
0.14409268506139683
0.14492674589618673
0.14300000906836885
0.14333872999906988
0.14300639939565257
0.14446558574323717
0.14225889139472087
0.14380566853773188
0.14226733889913987
0.1430496795449656
0.1424223819806224
0.14261675356155082
0.14210772121882143
0.14287270464845364
