0.24185521005219074
0.21373509315598027
17.825816777537373
16.004691354880805
14.784228381102713
13.638319311295907
12.42129768017464
11.694674698324793
10.987249389798947
10.260579428322805
9.664036495218653
9.11671592854724
8.657578553525054
8.30483159420019
7.879065246722461
7.467284569665928
7.184316993006433
6.902588926312319
6.629948320222769
6.377879769788999
6.109542901810294
5.934200153072339
5.7643740450736285
5.586823625806616
5.417811786363421
5.218494706090285
5.0447915881222345
4.900521574881852
4.737662481502971
4.6516608653418645
4.532291306211157
4.387847451261888
4.32842708868054
4.196214327763297
4.110204413182084
3.9837064053343565
3.8995780982170407
3.844865544585569
3.728940985372069
3.67003786409178
3.5465409237441246
3.5199464935815366
3.4088226196364118
3.3680580103348854
3.282088220232057
3.2434126900646874
3.165316979595713
3.0880520658362656
3.055959015380441
3.028583637779269
2.9571156947988624
2.898355307635647
2.859733181340989
