0.5096199065756406
0.22879388770283499
18.74416856765646
16.953304459628164
15.494050756773353
14.19675871402337
13.072004228993606
12.215795260448523
11.494975163975994
10.733476309916302
10.203283146849834
9.591154416937869
9.095016693275383
8.645606274497364
8.283506494292947
7.906202538545007
7.559636626587417
7.23442166564792
6.984712902195857
6.700464313349427
6.484169074631237
6.223464243852229
6.011486748089877
5.844285550013843
5.657350367187606
5.496445393164998
5.296646204763917
5.182310062717798
5.038337900021043
4.926887104959076
4.7339021834763715
4.58954093991326
4.476054283091346
4.376658740932622
4.269999371883185
4.194107772819773
4.125377745666816
4.019827587349056
3.902969902658244
3.8431695860077215
3.7334259963810745
3.6885650680596287
3.613199227692426
3.5335122533223657
3.4360246063397675
3.3885555055855043
3.3179510393942167
3.300102036633504
3.2069139168185132
3.1640115874870856
3.0962231747231863
3.0612983693324565
3.019835871115904
