0.798813342259291
0.2348854467302675
19.401002987829724
17.740851529472607
16.293141178116755
14.880055720469388
13.758928987461168
12.92628798078201
12.101438313745327
11.333977591079874
10.708290747771432
10.094324663353921
9.571224460992307
9.11218426290049
8.685319489173047
8.302300688418637
7.979572182779682
7.631246376325934
7.285303151719679
7.044369692105145
6.7876946947360155
6.531708394797034
6.355147848983104
6.097900011288678
5.90805343206924
5.771611623083624
5.587495079646123
5.466930082498775
5.301736212431969
5.094117025700896
4.976703862715212
4.822627031481903
4.7094065760926105
4.597697792860197
4.482180687334251
4.365668847239658
4.276627857839985
4.194067937611651
4.097525829383618
4.060913114618904
3.9356593794309216
3.8760314097611084
3.781507537420654
3.7007503326337576
3.6799406480330425
3.541098926328731
3.503419194942992
3.4270895632856684
3.3648023972871965
3.3149119612675255
3.2662016290279126
3.171256409631446
3.1462417077531586
