0.5419825014495087
0.0
19.895805244230644
18.202788401048853
16.609541483482303
15.117656535838107
14.146788540110977
13.198964033321209
12.371327187639531
11.628139951728128
10.92318591339531
10.22807653135745
9.753582196978178
9.322946225769016
8.903576617952213
8.454780325155138
8.177436260998505
7.738136724194137
7.5114457027378165
7.180966284513401
6.991946325292648
6.68857601645447
6.465843351311707
6.265654795244844
6.061596960421054
5.858349799338904
5.717014758731784
5.5342479575246015
5.384651420252268
5.2196381077373175
5.0774128941556365
5.018873758017655
4.861889276637276
4.700698522971444
4.616936250186266
4.479237944105183
4.384757241512736
4.316355975442086
4.206309159209981
4.088347370781909
4.071530428839532
3.9596911054777677
3.8667336394027285
3.767749207252634
3.7208875845093883
3.636868731861513
3.615568934127217
3.4975113925709422
3.4209765709769044
3.40722761669505
3.3170549935792364
3.279893814234633
3.237688679525559
