25.74244485152016
24.920436202122044
24.724071036816394
24.44237879239502
23.94350525009193
23.361466457153085
23.15464711057087
22.760776400603437
22.415547455452646
22.11946431684899
21.82753136274675
21.494732046052604
21.196420469314557
20.880045779556713
20.66443987118478
20.324243269606292
19.973891443091908
20.045908753984605
19.4863090162474
19.11894278020925
19.130309946253583
18.904680831824592
18.632280039240868
18.43247443349554
18.119418948063423
18.043913832898625
17.665887732097012
17.42698037677384
17.364934559953156
17.32373707787434
16.89958788657831
16.698887736604277
16.586401736229263
16.312292029588665
16.116446505357562
16.027154657869314
15.869157841709958
15.713704727816141
15.5622506221015
15.351288106760178
15.141248913220178
15.118485804094156
14.849854411260665
14.864226361336824
14.625343835425545
14.41746307012111
14.46050194327479
14.253050018830319
13.980197401133292
14.080708161039137
13.76561050764586
13.700305408163388
13.600260851466082
13.506437567078024
13.371273504479095
13.301645877374067
13.10904556710817
13.000852803597574
12.967651730034813
12.81669860633982
12.671654209690997
12.508886370699452
12.51349420476518
12.50876905763338
12.221742666651156
12.289425628748585
12.158676885010081
11.92780135418115
11.980271860151188
11.852758475535683
11.664234281423678
11.601147989032405
11.576675646365105
11.461676973207705
11.386238934087737
11.240637255645483
11.259978462706908
11.07589287843744
11.015644120565259
11.040660145722622
10.870443942869102
10.8133813625971
10.803615503798847
10.63078092466706
10.638743582909502
10.483797391273939
10.457545623002256
10.432286588159268
10.34840960903699
10.155495774466655
10.21935702324895
10.06109617394884
10.065105231261203
9.985288840775212
9.819199349508597
9.83484452961422
9.769828434320143
9.72016217241091
9.703108324311724
9.568343548417447
9.54596081253989
9.464929796508523
9.424167278217878
9.378512759663499
9.361656085411244
9.270620094688628
9.131724260029486
9.12986532576533
9.100071885139208
9.032806023383465
8.989096751807496
8.930671966098698
8.796004077319616
8.709768167499796
8.672890652531041
8.741467438815361
8.584426538331424
8.589072568877645
8.520578128898729
8.503309368784222
8.507225578714197
8.373167848148373
8.339000361011582
8.30156077069878
8.290758316392754
8.239844528101449
8.206771518372399
8.108852523665762
8.123873762688472
8.093604016096652
8.042674228668556
7.9354218656909605
7.966072045611235
7.9386829829832095
7.859251910580244
7.84960365519923
7.803904863606886
7.742127611149307
7.663476188791687
7.689283633084713
7.681230172462194
7.538879156823389
7.5907740175079015
7.569941844660798
7.45944020392651
7.431386680838748
7.417349048472654
7.376272991074968
7.3397238539598675
7.300682955164193
7.280547588703457
7.227422267844195
7.17921155598072
7.119963781886711
7.132511325056685
7.1281145584450245
7.116946380103581
7.044035172530685
6.921225163886929
6.937893287987208
6.939046042754162
6.921155800499605
6.907675111902018
6.769047188784917
6.877772241358225
6.766874489794622
6.825162119236365
6.6933788237622975
6.744062132489034
6.627061136989287
6.6387918047642875
6.601267020046489
6.603693860299564
6.545895440222586
6.528782625973568
6.483330486227487
6.4921188086195185
6.3930783871323325
6.394252316252223
6.377570336621375
6.336522630294626
6.310197581194853
6.267231719310548
6.279541747247924
6.2208020928216
6.220535818668129
6.21719532036218
6.1769089928030185
6.175404093838443
6.168437984387083
6.147058257607239
6.052781918920295
6.036569698702942
5.998079195884157
6.0423942371195425
5.978368845151135
5.985767116319733
5.944283433851722
5.9194609922073
5.909809664190261
5.840730655521729
5.805339519213994
5.799250909923794
5.786635820317952
5.753177078785857
5.710416741304798
5.719753778653049
5.672998733456256
5.735286027577892
5.71500577541669
5.669011611883352
5.599801329989552
5.62726487876924
5.531864602889186
5.535429515204796
5.53293019805322
5.478329344526576
5.49851671123495
5.445578828802076
5.448894637895348
5.460578411627466
5.418081805068013
5.412043135914846
5.384957812794882
5.363048847618688
5.366210977741271
5.352825099577144
5.32078549416337
5.2677993319167395
5.2230577901738435
5.206630506707347
5.2102618102930025
5.2313615815375005
5.186260606392427
5.1626205258085065
5.183293529973858
5.126394973771426
5.1501350298872195
5.10968788188093
5.105828775828113
5.094976507193254
5.075249859258738
5.039340291012977
5.06484338153185
5.0269773878053226
4.965128643203616
5.010134437435374
4.939496260959189
4.986817724710354
4.946621199358824
4.949720399773696
4.893983685277753
4.910450774171859
4.868120708843492
4.905820406581654
4.859265145295876
4.880602690272371
4.838262911618562
4.818422120217738
4.79361627437479
4.771462322509251
4.766011461938653
4.7837117922172006
4.758211999753518
4.693944343341009
4.706242615014198
4.689952763748057
4.61902106458728
4.65717050668173
4.6152141544527785
4.579232250665082
4.586308347462365
4.618203262724628
4.557883100310587
4.585406652691063
4.542716476528881
4.558098414346055
4.548764686062487
4.518308543365061
4.466431088689615
4.467452377350922
4.442494144342186
4.468866538155817
4.4679122831434555
4.45761211475367
4.419526293401423
4.427617171295612
4.385264180569784
4.367786889676244
4.380895386656818
4.338261815180113
4.329098883409724
4.312000833017052
4.339268023223031
4.270088809223525
4.301246812669137
4.233958887215271
4.26676107926206
4.283952497843439
4.308417959736872
4.245547987001828
4.199635701539728
4.211457785460134
4.1831657650929905
4.223647870826335
4.1466438195009
4.162975750540591
4.160773928050857
4.126224776921331
4.095193125350036
4.122049513727642
4.120789650384654
4.1201584547386485
4.062061695462276
4.09746748961763
4.1015283741610435
4.070506631722469
4.065619837366739
4.023153373590946
4.0117983162707604
3.986104979644381
4.0240331288648346
3.9832009603005236
3.9837217502834075
3.9566215396550093
3.959110842504242
3.9270579479455363
3.934088261721417
3.918870248081955
3.921743835291472
3.9241656333655466
3.8808250036933556
3.9098843954971474
3.8980072978771885
3.8596951635774754
3.8734740250325244
3.839312577534611
3.8423009655382634
3.8214834364357557
3.8366292550976047
3.799976980357087
3.796223893594215
3.8006612538900097
3.8085584944764426
3.8023881793223335
3.7865252176815605
3.762723210114191
3.781966303891586
3.750746071999465
3.722528514580499
3.7188550641821463
3.744105571635225
3.703378661664492
3.6781779296208925
3.701645038575557
3.6843047096211192
3.6782213423145667
3.669786027217151
3.666283640088836
3.656701218336541
3.6173956224640507
3.632204403855467
3.611291535327109
3.6101024651618903
3.5853206502739794
3.607748000892134
3.554046561468326
3.5745564728460955
3.556151504491211
3.5663325130639194
3.5314830712843106
3.5479497776752673
3.547188657525173
3.515268624319228
3.521441449287156
3.537617669144411
3.475260594294741
3.4825594732262677
3.452540361249021
3.4670408420178958
3.461693249608834
3.4406930992814795
3.4476501682226077
3.404245177653001
3.409209608474607
3.4102808540745944
3.415956886070669
3.4253098243406455
3.378544618343085
3.4106325274496636
3.3981837929689163
3.3345290377388435
3.3546773415025815
3.335111984167611
3.33064185521207
3.3503782222671044
3.3531070147474473
3.3213551006530566
3.2913139003784977
3.3398858739072876
3.317932407488922
3.2652465247721967
3.2941656911843618
3.312400543271931
3.2537634782946268
3.253734117312388
3.267401679167733
3.263516566866133
3.2394276024439024
3.2663849068507718
3.2500001805101877
3.221907664744074
3.2209600345786837
3.2033076570085632
3.2481153815814947
3.2137237649340706
3.1820490256672658
3.2116048145756486
3.179955837366265
3.195546035375289
3.157042673128608
3.1675794679882303
3.1537455055524832
3.1248429059040177
3.1541559365693503
3.1378789925709816
3.1296449498946
3.1083125198922064
3.113792631550325
3.107468489798498
3.121067102991485
3.123857631694391
3.1068187910722465
3.0918400557231145
3.0844687709353114
3.0907886325763956
3.090399572597823
3.0643911026881714
3.0588633285673543
3.0680752131803732
