31458 29986
31527 29949
31577 29977
31362 29864
31402 30041
31508 29873
31093 29606
31407 29832
31567 30009
31865 30251
31691 30214
31099 29637
31724 30224
31530 29985
31348 29939
31458 29956
31471 30012
31696 30144
31519 30004
28716 27432
27170 25756
23852 22809
22449 21213
20169 19000
18747 17603
16986 15969
15910 14725
14395 13318
13023 11851
12090 10937
10792 9607
10107 9011
8936 7798
8277 7143
7472 6307
6653 5532
6180 5043
5453 4266
4988 3921
4734 3469
4221 3097
3581 2459
3387 2205
2878 1773
2603 1470
2419 1319
2337 1137
2024 835
1957 680
1637 511
1652 449
1429 329
1354 294
1192 135
1195 93
1121 77
1071 32
1150 17
1030 7
1071 1
996 0
1016 0
968 0
1095 0
1061 0
995 0
990 0
1029 0
979 0
1013 0
1111 0
998 0
1035 0
1012 0
1035 0
1054 0
969 0
972 0
932 0
931 0
931 0
969 0
932 0
940 0
964 0
967 0
984 0
953 0
936 0
899 0
959 0
947 0
929 0
935 0
881 0
930 0
917 0
873 0
846 0
836 0
848 0
861 0
885 0
953 0
843 0
900 0
874 0
859 0
898 0
884 0
854 0
834 0
876 0
903 0
868 0
877 0
849 0
894 0
841 0
847 0
872 0
784 0
854 0
808 0
810 0
810 0
816 0
787 0
895 0
796 0
857 0
783 0
843 0
797 0
818 0
780 0
824 0
806 0
764 0
772 0
745 0
780 0
777 0
776 0
760 0
807 0
763 0
807 0
754 0
774 0
727 0
749 0
750 0
712 0
739 0
711 0
703 0
712 0
747 0
734 0
742 0
712 0
750 0
740 0
709 0
720 0
721 0
710 0
714 0
706 0
698 0
708 0
695 0
696 0
698 0
672 0
701 0
694 0
688 0
677 0
673 0
672 0
664 0
680 0
670 0
682 0
673 0
704 0
713 0
674 0
673 0
675 0
671 0
667 0
675 0
662 0
665 0
669 0
665 0
655 0
662 0
649 0
648 0
637 0
660 0
651 0
654 0
639 0
627 0
662 0
648 0
635 0
640 0
641 0
636 0
622 0
642 0
624 0
650 0
643 0
631 0
645 0
630 0
614 0
633 0
623 0
631 0
607 0
617 0
608 0
620 0
644 0
625 0
602 0
625 0
607 0
608 0
610 0
614 0
617 0
625 0
602 0
591 0
616 0
615 0
607 0
605 0
602 0
599 0
632 0
601 0
602 0
598 0
592 0
579 0
593 0
591 0
597 0
583 0
586 0
583 0
589 0
590 0
590 0
575 0
568 0
572 0
573 0
573 0
586 0
588 0
587 0
565 0
578 0
581 0
563 0
581 0
557 0
593 0
564 0
577 0
561 0
575 0
560 0
574 0
567 0
564 0
567 0
559 0
561 0
564 0
553 0
556 0
554 0
566 0
573 0
571 0
561 0
556 0
554 0
555 0
557 0
554 0
565 0
546 0
565 0
545 0
555 0
556 0
553 0
546 0
552 0
543 0
561 0
542 0
535 0
548 0
538 0
550 0
548 0
544 0
541 0
547 0
552 0
534 0
537 0
537 0
536 0
531 0
542 0
524 0
532 0
523 0
532 0
508 0
511 0
522 0
528 0
525 0
522 0
529 0
512 0
525 0
513 0
520 0
522 0
522 0
522 0
522 0
522 0
511 0
506 0
514 0
496 0
514 0
502 0
498 0
510 0
507 0
515 0
509 0
503 0
509 0
497 0
509 0
503 0
504 0
501 0
501 0
498 0
505 0
503 0
503 0
502 0
497 0
506 0
495 0
505 0
506 0
507 0
495 0
493 0
498 0
494 0
488 0
492 0
491 0
500 0
500 0
477 0
491 0
492 0
498 0
509 0
487 0
499 0
488 0
489 0
487 0
489 0
484 0
487 0
494 0
495 0
490 0
487 0
488 0
490 0
489 0
489 0
485 0
487 0
476 0
491 0
479 0
477 0
475 0
484 0
476 0
466 0
480 0
471 0
479 0
471 0
476 0
477 0
488 0
480 0
477 0
477 0
469 0
477 0
477 0
479 0
480 0
474 0
477 0
468 0
465 0
472 0
473 0
472 0
464 0
465 0
462 0
466 0
462 0
464 0
468 0
452 0
458 0
453 0
461 0
462 0
461 0
454 0
462 0
456 0
471 0
448 0
455 0
463 0
457 0
454 0
458 0
451 0
459 0
455 0
457 0
454 0
