34211 32491
34167 32521
34358 32646
34087 32437
34451 32501
34430 32792
34132 32322
34436 32537
34007 32332
34150 32445
34011 32354
33960 32333
34281 32537
34029 32468
33914 32285
34026 32473
34121 32534
34200 32542
34298 32717
31892 30385
29367 27829
26641 25230
24215 22999
22030 20825
20773 19576
18923 17775
17620 16590
16065 14981
14647 13611
13547 12439
11883 10767
11168 10115
10444 9194
9242 8203
8625 7477
7840 6700
6886 5832
6361 5213
5899 4728
5385 4298
5048 3904
4239 3073
3981 2846
3505 2435
3112 1997
2932 1805
2644 1562
2423 1238
2294 990
2031 752
1884 701
1741 555
1536 477
1488 271
1312 217
1297 179
1365 117
1064 81
1178 40
1273 29
1113 8
1116 0
1059 0
1037 0
1135 0
997 0
1009 0
1143 0
1008 0
1050 0
1094 0
1075 0
996 0
1018 0
947 0
978 0
1066 0
922 0
918 0
894 0
1026 0
982 0
954 0
945 0
1009 0
912 0
1026 0
950 0
926 0
891 0
965 0
944 0
936 0
921 0
915 0
874 0
955 0
883 0
927 0
919 0
929 0
905 0
879 0
922 0
919 0
891 0
928 0
911 0
907 0
894 0
905 0
900 0
898 0
849 0
846 0
837 0
802 0
878 0
943 0
936 0
872 0
924 0
838 0
815 0
840 0
841 0
815 0
788 0
791 0
798 0
789 0
778 0
802 0
857 0
792 0
804 0
786 0
784 0
820 0
804 0
782 0
794 0
783 0
776 0
746 0
733 0
772 0
766 0
757 0
750 0
722 0
797 0
787 0
722 0
735 0
748 0
754 0
741 0
753 0
765 0
756 0
739 0
735 0
716 0
712 0
733 0
724 0
713 0
700 0
748 0
716 0
727 0
744 0
713 0
717 0
705 0
724 0
710 0
712 0
703 0
714 0
708 0
693 0
714 0
681 0
692 0
674 0
680 0
681 0
681 0
673 0
685 0
691 0
691 0
686 0
672 0
673 0
685 0
661 0
650 0
646 0
672 0
646 0
681 0
656 0
654 0
651 0
654 0
668 0
646 0
642 0
652 0
647 0
658 0
653 0
638 0
646 0
646 0
636 0
638 0
671 0
663 0
643 0
652 0
636 0
620 0
619 0
627 0
635 0
645 0
637 0
615 0
627 0
632 0
620 0
613 0
622 0
616 0
619 0
617 0
623 0
628 0
620 0
631 0
628 0
625 0
619 0
612 0
622 0
604 0
613 0
607 0
613 0
628 0
601 0
606 0
613 0
620 0
600 0
600 0
597 0
608 0
590 0
599 0
606 0
600 0
597 0
613 0
590 0
595 0
603 0
599 0
579 0
592 0
590 0
594 0
579 0
597 0
575 0
579 0
572 0
587 0
563 0
570 0
574 0
560 0
568 0
572 0
568 0
568 0
572 0
564 0
559 0
567 0
570 0
566 0
558 0
598 0
580 0
564 0
557 0
552 0
556 0
556 0
556 0
573 0
576 0
560 0
569 0
563 0
556 0
563 0
556 0
551 0
565 0
556 0
550 0
556 0
556 0
561 0
551 0
549 0
545 0
537 0
552 0
543 0
537 0
540 0
538 0
543 0
545 0
548 0
555 0
534 0
531 0
543 0
554 0
547 0
545 0
539 0
542 0
535 0
537 0
539 0
529 0
527 0
543 0
543 0
540 0
541 0
525 0
517 0
530 0
525 0
525 0
513 0
524 0
522 0
517 0
530 0
518 0
519 0
523 0
525 0
523 0
526 0
514 0
519 0
520 0
508 0
510 0
525 0
511 0
517 0
512 0
509 0
513 0
513 0
499 0
501 0
507 0
505 0
507 0
504 0
509 0
504 0
505 0
499 0
500 0
506 0
496 0
498 0
496 0
510 0
503 0
502 0
489 0
511 0
500 0
504 0
483 0
488 0
499 0
495 0
501 0
495 0
497 0
492 0
481 0
496 0
485 0
499 0
495 0
492 0
493 0
487 0
490 0
490 0
489 0
493 0
493 0
485 0
489 0
484 0
488 0
489 0
491 0
494 0
482 0
480 0
484 0
480 0
480 0
479 0
482 0
495 0
484 0
482 0
482 0
484 0
483 0
483 0
482 0
484 0
480 0
479 0
479 0
476 0
482 0
469 0
479 0
469 0
486 0
478 0
477 0
467 0
471 0
474 0
478 0
475 0
471 0
462 0
464 0
475 0
475 0
466 0
463 0
471 0
457 0
465 0
