28.257674313335677
27.91399962079241
27.549011545505554
27.050470987443717
26.445170060799583
26.32772978040269
25.828571335952777
25.44393963122081
25.012181985668764
24.483402122475475
24.307283156297206
24.008145536622905
23.682239204278847
23.296627673360984
23.006990384575662
22.6086585695938
22.041134820306773
21.87678562921935
21.77119751771988
21.50997752183339
21.00219059321407
20.881192811366994
20.8531958964086
20.383755691644854
20.05351434545453
19.92628348653531
19.656052541943165
19.487878291193965
19.215384632907536
19.03789032866566
18.899638998774094
18.63541425741043
18.316609264964065
18.222651354603645
18.01027202060876
17.910122524536703
17.43596154927608
17.57084748920227
17.248922591302353
17.02145031879217
16.98277327275796
16.855317675528216
16.596696415454645
16.43740386014484
16.37508582711801
16.052430900365426
15.945656125322921
15.797197606446202
15.79321206393216
15.544896471267476
15.35673693313076
15.221162236189702
15.114563270845347
14.898615621106956
14.850376472297249
14.739831916949631
14.57913511379677
14.442712959736662
14.322088000711377
14.220726817817525
14.077087849044764
13.994611338931334
13.942934097848037
13.731917805750783
13.726022699459918
13.481212679802935
13.424555973048745
13.337752853628217
13.25300000199518
13.043054401033805
13.074637077275685
12.875559369814004
12.86795945738867
12.65166804237062
12.641147078058948
12.453927007448684
12.445992633232823
12.396978851086883
12.205104523566696
12.185698207862401
12.173643741240989
12.047065295890297
11.967751456907514
11.774536208803294
11.68399019352427
11.645157908733427
11.569346183441588
11.477137696851695
11.46338386719995
11.34509874910902
11.359589275637813
11.235990363325008
11.10354011975959
11.044049468690615
10.952367981301633
10.888862565528392
10.76012360308332
10.721717209132272
10.740549240288182
10.654807001762565
10.52958300261911
10.416441023048247
10.354694632827105
10.457050602917752
10.332284708411745
10.311085706508445
10.123852644765417
10.174181773774102
10.007187353053212
9.959113399383632
9.994727197977891
9.883518978716776
9.86689697488824
9.809058013172846
9.749164466320241
9.721193144985182
9.610263336185108
9.542291636719611
9.563996293412082
9.418110845277747
9.400845010398854
9.354076322301285
9.37752102814402
9.231666942600935
9.16725497561921
9.173298029208379
9.042727033512865
9.086033229676705
8.97003762008569
8.954079417004387
8.950472584123768
8.817350169141882
8.801184082020217
8.828949656618523
8.694766733329356
8.673274133957783
8.669342817142251
8.588461141981206
8.515647264781974
8.426356346717212
8.470466297165121
8.444178255808287
8.385232840744276
8.36289598951067
8.265185734041513
8.305673406646793
8.209811823888684
8.117391267398107
8.176095784748977
8.067026495664702
8.084080063210127
8.10355683460934
7.990068225297155
7.928493965361458
7.930906563673841
7.8665838502042655
7.855000904367598
7.847024117838682
7.767460190683819
7.769509165676537
7.659389889824956
7.6708100817614815
7.674467690067331
7.599246318222813
7.590212679404469
7.530036068375204
7.515252844966678
7.4822860614406865
7.420769075234987
7.430890840216889
7.3812946901339815
7.300142131100269
7.313055628315874
7.282361072098929
7.207995612027707
7.1244683743801716
7.115756495026669
7.096639706719907
7.089044043643727
7.104523260314181
7.01743647285185
7.006825357986222
7.002243589662016
6.965519448208024
6.935781368063815
6.859384426202569
6.882906696021673
6.85453808191321
6.8172690399191636
6.788135272861752
6.687959824218915
6.7562974167592005
6.661371431197958
6.680016598405154
6.655215921953709
6.645187430699532
6.573099393694138
6.607516019825505
6.528881681036309
6.579528694154913
6.579857536003058
6.528513754445726
6.491847056822394
6.4269168219680335
6.423061641123031
6.389272094399485
6.394584792018177
6.3111964626359445
6.360315915811052
6.356429441622627
6.295077280535494
6.239431011567172
6.222920638327814
6.230311901101874
6.18660934149744
6.17796159098084
6.1149299371134385
6.12172888504914
6.105618593030169
6.0917574798349685
6.069592739620134
6.044954247224427
6.00871567307101
5.9579461970686864
5.97472709978841
5.941041489025402
5.9200598608560995
5.910027276142241
5.865333635598008
5.866193099583526
5.877816640281457
5.867476112731628
5.828236353107124
5.8072365780898965
5.792840841738407
5.762996524893643
5.727337069805899
5.726262253197933
5.625568301230783
5.659995425240345
5.635627137733286
5.666885191074766
5.611006574669028
5.596535852619568
5.544380561047374
5.551853301020428
5.562252017656765
5.498737898088634
5.503273106717516
5.467055050077079
5.4846971445617445
5.449402183738402
5.439090065608943
5.4260527956594045
5.403939094097721
5.35154544419362
5.3497278750934605
5.3422525658577795
5.296558292041677
5.351736365904269
5.276831777443931
5.26658737142011
5.238755986030267
5.26179709999461
5.214952642572234
5.226100142811197
5.206536088383664
5.19574050236216
5.138851159776751
5.16181338445565
5.142149655242383
5.131855819831771
5.081620630019243
5.13758631646172
5.04814321000374
5.058770547802048
5.0672288840683635
4.993472917191298
4.981346598714354
4.9500512348802435
4.983633746071428
5.009745956138031
5.008785943811169
4.929263641007237
4.9493345420999955
4.912180821286867
4.918041421752433
4.900549507032024
4.900779633664262
4.856037278066444
4.87166174916717
4.84327076135197
4.8156648808336975
4.783201660236901
4.821478243750365
4.792955238754575
4.736546350752992
4.745122117106568
4.718070337037761
4.693564979172261
4.705910226641572
4.707563149748787
4.662879568455093
4.694142219192368
4.64290777630506
4.655024221535296
4.689053133416639
4.583071173842997
4.626396224783662
4.621571418251905
4.58708278851218
4.570842526980327
4.591109460655389
4.514684925451808
4.521603114425689
4.535717762035793
4.482439876302617
4.476138640667591
4.481393922311645
4.45880232865713
4.476701851844188
4.433570010392434
4.434900964672088
4.418078401288494
4.404789105911118
4.393676947336248
4.382602548066043
4.350796584346595
4.364552162722905
4.3497275778466316
4.349534105913271
4.291879658400769
4.31425186971518
4.338275602795997
4.270754810121991
4.25655787493231
4.287938011272184
4.2331825409908195
4.242119159294507
4.212225842765431
4.217490907444262
4.215004090309974
4.193229525284596
4.232189533514756
4.183638106123949
4.194040886681323
4.177270547213925
4.164212805340913
4.157250603227858
4.130806911461249
4.140850130880745
4.101940233850154
4.133569017907121
4.103001598827422
4.109038042219531
4.126981172218848
4.07488508498702
4.0833835040622946
4.05444754225041
4.032459661992461
4.072511388151452
4.021079232013449
4.016465654515632
4.0207423441447006
4.006850635970434
4.017370982372654
3.9603252292054116
3.967334518774737
3.965073577561975
3.9688180216221602
3.9284483826087127
3.923449849213148
3.9071454351067016
3.9176452804156705
3.885553678780297
3.8935092150601394
3.924663584410466
3.887578274893701
3.849940671520865
3.8512657372829135
3.848894410679572
3.8080592990790616
3.818679315628069
3.8349191941866594
3.834939713976633
3.821516062352839
3.793397824047088
3.7915623651316084
3.7851226975827785
3.8079460389515476
3.76950901109067
3.7568857599345344
3.7462675588098504
3.7656249730861395
3.7123360397839953
3.7418991091597853
3.7308502587633123
3.727904581823595
3.6981804056253353
3.669095809693681
3.668199562574082
3.676635733857095
3.684156364302498
3.695008519025105
3.6764708462674824
3.6512386319377312
3.6358597073569627
3.6545577732476655
3.6153195833135308
3.6358633177698017
3.618018388026098
3.6205142763197
3.5909628813908965
3.600440236315503
3.594251717972386
3.5867491974138987
3.5604495153307654
3.5523863448254454
3.573436411274679
3.533718556167969
3.534857486742085
3.4924081257671653
3.505661930001604
3.506894933075289
3.5081207185017775
3.4584145305643235
3.5101848916077873
3.4724636943532756
3.487555392071972
3.468156165623177
3.467287815736536
3.4456922218128283
3.4577383418336147
3.4706309039698997
3.4181459843132234
3.40697581437822
3.4109320132335097
3.39570862637087
3.3866036220079763
3.3949030848979236
