29.66633044182824
29.190002251320568
29.03970973958933
28.235981661751975
27.82627155152712
27.549480251230626
27.15526332852499
26.976547694675215
26.411820518141514
26.085959501850255
25.815178032550115
25.254621628481072
24.51623342719528
24.327040421644792
24.22089562866853
23.55839829178803
23.098770601729996
23.236412776701563
22.783341559076415
22.36588735704505
21.981394368444377
22.146120522706187
21.903945109549852
21.502385291928675
21.090827457438877
21.042844703555843
20.667615489791224
20.434177670251778
20.50206548485953
20.03797880463572
19.811453420356035
19.63024651906875
19.288347578737167
19.19837509881404
18.792579976853077
18.78802550236128
18.597949991903388
18.2998360662142
18.13023413177905
18.000878577834357
17.78138056711754
17.751609934716246
17.29464361713257
17.259815817045837
17.137008270825
16.982715269463522
16.848708408955392
16.5530038443854
16.509240468982526
16.407269569972307
16.17938165971318
15.89482159447207
15.918502701280875
15.573066035837662
15.616868999574605
15.532423536878058
15.2903257048328
15.208875078658837
15.052339160565271
15.057094360680132
14.724676508903066
14.72781043996215
14.582327418708841
14.515493341769504
14.329644516988356
14.168218492366353
14.058242351943411
13.872210763069544
13.875756210383178
13.79712715051623
13.754030329987437
13.461966164595388
13.416074946263688
13.4145858779915
13.269376302205
13.153139914254416
13.021870741790455
12.866986926340891
12.9615221454211
12.742349959055
12.7953653651663
12.718316628070298
12.526435073149386
12.384914958178042
12.251285355897688
12.252167294672176
12.235474862414062
12.185567996485352
12.025717156325435
11.918742641105574
11.813129688235994
11.787424986519273
11.833039774722852
11.607512170045107
11.54673131126546
11.461419204167091
11.372867744485324
11.402834335779339
11.215708070979073
11.177738664061938
11.088853331421479
11.090401627760674
11.059838211923424
10.860568306972048
10.850326177751771
10.785341920889095
10.660421280907311
10.707720718766257
10.578614704370944
10.604915058183515
10.522930316802036
10.434704662144963
10.439188897746307
10.246009608107705
10.264527690030981
10.109434392857866
10.13902392194192
10.065729441207395
10.035747463620673
9.928402595347167
9.780423759084698
9.79688994788643
9.794194760834232
9.742518164013736
9.67248441898646
9.59566336836374
9.532995220496968
9.533489988916472
9.499409060791727
9.394581177384758
9.367522166654926
9.258828543891639
9.221705030660342
9.296566041861931
9.1414828306847
9.13256343207397
9.127758892154919
8.960733623653233
8.965842442911294
8.864523332124396
8.947435237458695
8.840284489739503
8.771936127391028
8.753955829021901
8.707446492276004
8.649100371732574
8.611776144471566
8.599922204801352
8.616440221847323
8.512849352344535
8.493269810341475
8.389999323210631
8.356253781112077
8.345963123073789
8.297843296150358
8.281412544828594
8.30045052509951
8.202646587743974
8.171996805974711
8.150826751068834
8.111510375473141
8.060795890370336
7.977484540919376
8.007107495468995
7.946955216737973
7.9243588430648835
7.9343453504950325
7.8457167711104105
7.832787600445397
7.786900810322022
7.760098637102326
7.700467707040294
7.676577705789982
7.631282378397259
7.630545305059995
7.572497028192447
7.555031590447704
7.546746972619221
7.526470584241233
7.471017252971092
7.464647562294499
7.358650375811976
7.358440716725791
7.2758350065004835
7.291992943218498
7.257730690467873
7.245429435407614
7.2011816551360885
7.194333958432878
7.064794375594602
7.087796101087861
7.095020128432884
7.012953644869731
6.999037633979481
7.0885562369046875
6.973475303320911
6.994118299082556
6.949581343449709
6.945184668783167
6.868791121728773
6.86781294873349
6.841982990219294
6.81954946083591
6.701830358123764
6.7457096576029745
6.76565030411557
6.706625220280257
6.631508186472879
6.654793732575609
6.57392303917103
6.593350246132786
6.542601068649192
6.578049856078132
6.546164068467069
6.468157504365291
6.491752591008717
6.4130546160426
6.428669120904896
6.471189054342003
6.355093745928744
6.326346661906018
6.350300181636023
6.264722291048165
6.30130791709629
6.291144416927559
6.294885857156782
6.232395822859894
6.214015921064833
6.169656105494232
6.171373396759998
6.198780124745628
6.111340874152948
6.082310486866399
6.083637457950294
6.049583199041694
6.0236840127049796
6.012437068169104
5.962600302166875
5.974475129624166
5.960525081206691
5.900630381225356
5.877177067465336
5.893761732136131
5.886701255183982
5.826059271505056
5.835574305344062
5.809075642691398
5.806190234207794
5.809883628225089
5.784541672229336
5.760490546020642
5.718907261125505
5.69093071820751
5.671227101824875
5.679272421084834
5.635325757868943
5.621251203942467
5.625813324635556
5.632098175082637
5.535218559564523
5.558235693303962
5.531917203747034
5.511790684697546
5.503963054166821
5.503216770614953
5.492612156551095
5.42908134826715
5.458445610934307
5.463759582798416
5.44027678442636
5.349483046144619
5.389898779982159
5.424680937052364
5.355232821934123
5.29471975547548
5.3262980369938555
5.32468705660669
5.282011381970278
5.249913617255661
5.24298618220997
5.2543148661140755
5.247661140599291
5.204532919893122
5.195545696659213
5.190787504840417
5.170390611494349
5.1674111913663685
5.117730130770792
5.099989959462661
5.061431560311894
5.091305223642639
5.095801752435887
5.059445548055123
5.016520849485635
5.010520672198018
5.0401710955716865
5.010280413065916
4.974346496014551
4.992541027945299
4.987894958685219
4.964530232277059
4.95070844130696
4.934429606986033
4.90071581473654
4.93146916086488
4.876252745685756
4.877027051980417
4.8460914627788085
4.868150834545525
4.831702251550707
4.826408507077886
4.780503577749586
4.803464155671358
4.741968275137674
4.762415532383866
4.758682086152904
4.750083076947353
4.735568643801448
4.7168732699441716
4.692283984189175
4.666811861399988
4.718801597425918
4.639647367019069
4.62467383749834
4.612793581409914
4.625230131447522
4.6233419728618905
4.645260639341009
4.5778418168452095
4.608859890423242
4.576769500142722
4.559757139790699
4.548031004769154
4.509066853513116
4.529813894297581
4.484029429695693
4.526319890273189
4.4725868846967245
4.4875455209894195
4.5020141611659525
4.478078649097892
4.4456197642356825
4.39310200190225
4.398531825912287
4.407258581183908
4.401348228563779
4.357824998296723
4.385900844601725
4.374050429778572
4.324591306505424
4.304567625551722
4.319322453625903
4.347907580877008
4.300811759917428
4.295677760480573
4.3202431613593575
4.311043675252104
4.285436274635995
4.280307322075869
4.2364370611710545
4.23011903643121
4.209057315815435
4.207751673720631
4.207873735711973
4.170516578353659
4.179331297536397
4.194123016681237
4.1541660685384265
4.187075900081027
4.1731785821423095
4.141700644283524
4.111254860335203
4.1251080910772995
4.1308327072924165
4.095198314957841
4.072250430273682
4.084637491090479
4.090595980733842
4.089875432498206
4.064339799547657
4.044573579846306
4.0295994743659485
4.07192000556739
4.037259341758718
4.0178823961423955
4.022557581227898
3.9992422391303353
3.9776496345912276
3.9712357601702273
3.9649014813587584
3.9871783130470972
3.9608315043353106
3.9677516747365096
3.9156216997134834
3.9214478817446983
3.9090025346805666
3.878221972472156
3.9241308372724326
3.866938045762256
3.877401510941695
3.873018656692675
3.8866170064410106
3.868576344292721
3.8623393059663704
3.8395251945030506
3.8529608983351
3.832993297770554
3.823510409265898
3.7959298873634997
3.7677074417701806
3.828831241975131
3.763376504157941
3.7856097974979432
3.777345685268142
3.7568786006282293
3.7519700016983824
3.7785174129891628
3.715475971510705
3.7641412014919067
3.717217571141473
3.735570903754742
3.738018000870893
3.692755565495736
3.6665376480954364
3.6930945183394766
3.693228964287025
3.684301574194019
3.6384388570253052
3.6527908650393326
3.6499986351114333
3.6552495853179017
3.640651660959538
3.6105677297290137
3.6285645457345437
3.6002773844990292
3.5893416921418067
3.5923475217338594
3.5913875926052925
3.581923922858314
3.602714702570017
