39814 37810
39637 37676
39825 37794
39366 37420
39819 37798
39727 37746
39906 37815
39434 37384
39600 37718
39949 37737
39679 37702
39536 37665
39790 37757
39622 37651
39356 37581
39707 37680
39988 38026
39509 37471
39656 37643
37089 35337
34083 32406
31120 29664
28776 27296
26266 24921
24678 23411
22478 21259
20913 19789
19184 18051
17648 16553
16737 15445
14675 13417
14136 13051
12757 11644
11593 10493
10823 9748
9825 8610
9059 7989
8249 7097
7602 6468
7139 5915
6590 5388
5737 4531
5379 4228
4751 3608
4397 3149
4059 2866
3650 2565
3293 2128
3085 1833
2651 1513
2667 1436
2295 1122
2059 1021
1803 709
1829 596
1566 552
1479 368
1647 355
1207 194
1299 189
1304 140
1166 89
1119 39
1167 35
1127 3
1007 2
1113 0
960 0
1074 0
1032 0
977 0
973 0
988 0
1005 0
1093 0
1012 0
1052 0
1047 0
957 0
1050 0
991 0
995 0
991 0
1007 0
1012 0
969 0
1044 0
1020 0
967 0
987 0
897 0
949 0
931 0
907 0
1029 0
879 0
896 0
1024 0
920 0
963 0
938 0
955 0
894 0
870 0
903 0
906 0
966 0
940 0
898 0
942 0
848 0
905 0
904 0
921 0
878 0
857 0
844 0
834 0
929 0
909 0
933 0
869 0
862 0
853 0
903 0
839 0
832 0
844 0
833 0
869 0
849 0
876 0
795 0
831 0
804 0
853 0
820 0
823 0
805 0
845 0
786 0
834 0
802 0
786 0
789 0
757 0
768 0
780 0
756 0
751 0
767 0
787 0
800 0
777 0
766 0
784 0
797 0
787 0
753 0
773 0
770 0
749 0
764 0
760 0
774 0
753 0
762 0
749 0
738 0
720 0
721 0
715 0
735 0
720 0
723 0
709 0
721 0
742 0
707 0
724 0
719 0
716 0
725 0
719 0
725 0
707 0
728 0
683 0
700 0
677 0
722 0
704 0
693 0
700 0
718 0
735 0
710 0
679 0
706 0
694 0
685 0
679 0
666 0
678 0
692 0
680 0
665 0
681 0
667 0
685 0
675 0
666 0
664 0
667 0
660 0
704 0
657 0
650 0
666 0
668 0
676 0
656 0
657 0
670 0
645 0
684 0
676 0
649 0
657 0
655 0
646 0
667 0
656 0
656 0
662 0
643 0
647 0
640 0
653 0
641 0
647 0
642 0
632 0
631 0
624 0
622 0
636 0
638 0
636 0
629 0
623 0
618 0
628 0
619 0
616 0
622 0
620 0
620 0
615 0
619 0
631 0
628 0
633 0
620 0
624 0
622 0
612 0
607 0
624 0
610 0
618 0
594 0
622 0
610 0
620 0
615 0
613 0
600 0
621 0
609 0
604 0
601 0
601 0
592 0
596 0
588 0
607 0
583 0
603 0
596 0
592 0
596 0
602 0
594 0
588 0
606 0
593 0
574 0
595 0
589 0
592 0
582 0
586 0
580 0
589 0
580 0
582 0
570 0
572 0
572 0
567 0
586 0
580 0
575 0
575 0
561 0
561 0
570 0
555 0
561 0
571 0
550 0
569 0
565 0
559 0
568 0
561 0
574 0
566 0
562 0
551 0
557 0
563 0
561 0
565 0
556 0
561 0
561 0
565 0
546 0
558 0
550 0
556 0
552 0
554 0
560 0
548 0
560 0
550 0
544 0
552 0
571 0
546 0
548 0
537 0
547 0
533 0
542 0
562 0
546 0
548 0
541 0
541 0
545 0
536 0
547 0
538 0
550 0
544 0
541 0
538 0
544 0
547 0
530 0
537 0
538 0
531 0
542 0
529 0
529 0
535 0
523 0
528 0
527 0
515 0
522 0
528 0
529 0
525 0
527 0
521 0
527 0
516 0
530 0
530 0
523 0
509 0
523 0
527 0
514 0
519 0
518 0
512 0
505 0
521 0
517 0
517 0
513 0
517 0
516 0
513 0
512 0
509 0
512 0
520 0
504 0
519 0
513 0
508 0
505 0
495 0
496 0
512 0
504 0
497 0
500 0
493 0
506 0
503 0
503 0
514 0
497 0
500 0
499 0
492 0
505 0
494 0
494 0
498 0
497 0
500 0
498 0
500 0
492 0
492 0
496 0
502 0
494 0
499 0
500 0
489 0
496 0
497 0
498 0
492 0
495 0
485 0
498 0
500 0
490 0
487 0
485 0
498 0
493 0
477 0
497 0
483 0
489 0
474 0
496 0
