13589939 3327975
13606491 3311670
13604405 3313838
13619910 3298675
13600431 3317728
13602696 3315513
13614866 3303278
13599355 3318818
13590273 3327914
13601518 3317124
13629314 3289181
13625833 3292736
13597367 3320722
13601078 3317068
13632030 3286389
13619342 3298645
13600447 3317902
13599604 3318557
13610595 3307760
13788005 3133261
13926026 2997128
14146993 2779322
14291585 2637182
14467561 2463824
14552060 2380391
14721809 2212832
14803542 2132397
14967214 1970576
15111776 1827773
15213203 1727685
15369254 1573148
15417733 1525582
15539860 1404697
15666075 1279627
15729636 1216856
15841637 1106197
15923480 1024958
16008823 940495
16068546 881385
16132352 818174
16189850 761158
16312359 639695
16328239 623975
16416834 536047
16479689 473747
16506980 446701
16552014 401977
16612238 342230
16632310 322408
16704216 250822
16718675 236472
16766217 189428
16770790 184795
16814756 141210
16848698 107462
16862918 93369
16878495 77903
16889677 66771
16905874 50669
16915762 40879
16925659 30996
16938074 18514
16944386 12422
16945462 11311
16952167 4675
16956105 729
16956891 0
16956877 0
16956901 0
16956886 0
16956865 0
16956900 0
16956883 0
16956894 0
16956880 0
16956887 0
16956904 0
16956904 0
16956914 0
16956939 0
16956908 0
16956920 0
16956917 0
16956892 0
16956904 0
16956917 0
16956925 0
16956922 0
16956923 0
16956934 0
16956918 0
16956905 0
16956917 0
16956927 0
16956906 0
16956906 0
16956929 0
16956945 0
16956931 0
16956943 0
16956927 0
16956916 0
16956950 0
16956919 0
16956924 0
16956929 0
16956950 0
16956935 0
16956952 0
16956938 0
16956961 0
16956939 0
16956932 0
16956955 0
16956921 0
16956960 0
16956968 0
16956937 0
16956933 0
16956938 0
16956931 0
16956933 0
16956949 0
16956951 0
16956936 0
16956948 0
16956944 0
16956929 0
16956946 0
16956938 0
16956956 0
16956938 0
16956954 0
16956969 0
16956938 0
16956961 0
16956961 0
16956964 0
16956949 0
16956979 0
16956968 0
16956962 0
16956975 0
16956976 0
16956984 0
16956976 0
16956983 0
16956985 0
16956966 0
16956990 0
16956981 0
16956982 0
16956979 0
16956976 0
16956984 0
16956969 0
16956971 0
16956977 0
16956970 0
16956979 0
16957004 0
16956982 0
16956994 0
16956984 0
16956985 0
16956993 0
16957004 0
16956991 0
16957007 0
16956990 0
16957005 0
16956986 0
16956987 0
16956987 0
16956995 0
16957002 0
16956990 0
16956998 0
16957015 0
16957004 0
16957000 0
16957016 0
16957002 0
16956977 0
16957020 0
16957017 0
16957006 0
16957007 0
16956998 0
16957027 0
16956995 0
16957008 0
16957016 0
16957012 0
16957035 0
16956993 0
16957016 0
16957010 0
16957009 0
16957009 0
16957037 0
16957015 0
16957033 0
16957036 0
16957021 0
16957046 0
16957019 0
16957036 0
16957033 0
16957026 0
16957024 0
16957027 0
16957022 0
16957030 0
16957011 0
16957031 0
16957032 0
16957040 0
16957028 0
16957020 0
16957025 0
16957025 0
16957033 0
16957038 0
16957031 0
16957024 0
16957038 0
16957021 0
16957031 0
16957035 0
16957051 0
16957057 0
16957038 0
16957026 0
16957048 0
16957051 0
16957058 0
16957052 0
16957051 0
16957044 0
16957046 0
16957050 0
16957057 0
16957047 0
16957042 0
16957055 0
16957047 0
16957059 0
16957038 0
16957041 0
16957051 0
16957039 0
16957041 0
16957049 0
16957040 0
16957055 0
16957035 0
16957056 0
16957049 0
16957062 0
16957054 0
16957044 0
16957061 0
16957052 0
16957049 0
16957043 0
16957047 0
16957055 0
16957062 0
16957056 0
16957052 0
16957045 0
16957071 0
16957057 0
16957064 0
16957045 0
16957040 0
16957062 0
16957059 0
16957060 0
16957072 0
16957071 0
16957074 0
16957072 0
16957060 0
16957064 0
16957085 0
16957062 0
16957073 0
16957059 0
16957055 0
16957061 0
16957058 0
16957055 0
16957063 0
16957061 0
16957068 0
16957072 0
16957074 0
16957067 0
16957062 0
16957081 0
16957073 0
16957076 0
16957072 0
16957062 0
16957071 0
16957060 0
16957062 0
16957083 0
16957083 0
16957062 0
16957074 0
16957088 0
16957084 0
16957081 0
16957079 0
16957058 0
16957076 0
16957076 0
16957087 0
16957062 0
16957081 0
16957064 0
16957089 0
16957084 0
16957089 0
16957078 0
16957091 0
16957081 0
16957063 0
16957081 0
16957094 0
16957084 0
16957085 0
16957078 0
16957086 0
16957084 0
16957075 0
16957086 0
16957089 0
16957087 0
16957079 0
16957085 0
16957075 0
16957069 0
16957085 0
16957077 0
16957080 0
16957091 0
16957086 0
16957092 0
16957087 0
16957096 0
16957090 0
16957072 0
16957095 0
16957088 0
16957081 0
16957090 0
16957076 0
16957086 0
16957094 0
16957095 0
16957095 0
16957094 0
16957094 0
16957093 0
16957105 0
16957089 0
16957094 0
16957091 0
16957100 0
16957100 0
16957111 0
16957086 0
16957101 0
16957098 0
16957096 0
16957089 0
16957090 0
16957086 0
16957091 0
16957112 0
16957112 0
16957106 0
16957096 0
16957096 0
16957102 0
16957090 0
16957103 0
16957083 0
16957108 0
16957110 0
16957102 0
16957101 0
16957110 0
16957093 0
16957105 0
16957105 0
16957109 0
16957102 0
16957095 0
16957106 0
16957111 0
16957108 0
16957098 0
16957111 0
16957107 0
16957106 0
16957107 0
16957101 0
16957098 0
16957099 0
16957100 0
16957104 0
16957101 0
16957109 0
16957105 0
16957113 0
16957107 0
16957105 0
16957115 0
16957109 0
16957103 0
16957110 0
16957103 0
16957120 0
16957101 0
16957115 0
16957118 0
16957127 0
16957116 0
16957124 0
16957115 0
16957111 0
16957113 0
16957119 0
16957118 0
16957107 0
16957119 0
16957118 0
16957116 0
16957116 0
16957118 0
16957121 0
16957114 0
16957124 0
16957123 0
16957107 0
16957106 0
16957113 0
16957113 0
16957105 0
16957103 0
16957122 0
16957111 0
16957122 0
16957116 0
16957110 0
16957127 0
16957121 0
16957116 0
16957117 0
16957108 0
16957132 0
16957119 0
16957117 0
16957130 0
16957126 0
