30.816632005754183
30.160374964033615
29.540273238424152
29.05603325362172
28.361460991011576
28.131131491105826
27.656662474485262
27.3933007651385
26.96158464128903
26.50801522598663
26.078787109427775
25.675212907718144
25.537776828435916
24.911284733474847
24.558181649650123
24.164980768776946
23.88754869731739
23.745711131495863
23.301349896545844
23.291011847727503
22.8269163685504
22.522845116313068
22.13929609126423
21.9988837951457
21.911252229636666
21.457926839969524
21.344801806804732
21.14699406076381
20.671814704478855
20.559612746090863
20.336637720734295
20.14622624659308
19.69770969350179
19.58799381046955
19.3840647332741
19.05139141291615
18.89584322472704
18.655564750542602
18.568641001693273
18.429625979870117
18.205435674932513
18.05821381799101
17.890858033994835
17.728770266192548
17.475726720822674
17.427136888993054
17.162662437997696
17.03055439666427
16.800701366079185
16.71754018380805
16.594489004185622
16.354871730835775
16.207344316757435
16.1457345558846
16.00031674833581
15.940910350038596
15.641223836914772
15.55082271970025
15.306559729515484
15.355936072135009
15.222173404463346
14.982428973205913
15.013634450550626
14.831779707614706
14.688125242145059
14.605443456389173
14.498075952083727
14.398410031684467
14.215335576998042
14.122304051152605
13.967591824427041
13.95852341807651
13.822343829871055
13.616590607725453
13.542552411087756
13.479545138222232
13.434365507395308
13.283993452916857
13.107494695067405
13.134141086464485
13.082276687194298
12.823708328126513
12.830135821911629
12.782736111420304
12.631244417461298
12.483859841876779
12.56418282784697
12.448621769001447
12.23578062506753
12.255189343297126
12.17956634707345
12.074429902568937
11.988513958431673
11.961289575790529
11.76771269917722
11.705565022353387
11.652566656813075
11.585889674114812
11.499942735953141
11.562779829097076
11.436400788196217
11.342836441669347
11.25258972253755
11.160078906323523
11.185326941849814
11.017299138441826
11.001417126958131
10.980912958784538
10.773211473653042
10.801333691276149
10.798331318113458
10.645457821097905
10.618286993649427
10.537330274047292
10.46318039217073
10.460734038788821
10.285501052671526
10.336194526255394
10.23049433197927
10.209862398773652
10.2076598915504
10.096231967259914
10.041111092739243
9.988536846750659
9.903008027505361
9.897141515974017
9.79985742436365
9.815724979121333
9.702801894374788
9.602989110192512
9.627943862528088
9.590272179463824
9.51586584375189
9.48876202612687
9.383938472329419
9.36763087480419
9.337421924071032
9.288605218551895
9.20624838859048
9.171707489178274
9.092560480789256
9.06233497691007
9.110766452729312
9.012113068623524
8.924776920368116
8.942428062448153
8.819443839943451
8.769504339658269
8.797313941139372
8.735757155363745
8.623186991836246
8.679477603798308
8.614948973815682
8.552736468171197
8.611657620565865
8.449678817128879
8.518007835407278
8.402603294455616
8.310964571470768
8.359373463531018
8.214614857510583
8.223103114181118
8.270201230401266
8.194347799850313
8.187788722374153
8.13582850529663
8.085069936191417
8.074130005587588
8.057659583452223
8.020868556013731
7.945855672905646
7.88584541786553
7.878834349183672
7.8194984079577035
7.801385265957151
7.7197452559694195
7.716144633957947
7.748009115795415
7.650622295398807
7.6715906106586775
7.5879955595104365
7.555021577512188
7.5002334496936145
7.473891358125092
7.493712113225001
7.3868440766964545
7.370407970531088
7.369459434360515
7.319798019149041
7.280763540484088
7.280827733620098
7.254562066165749
7.272987005113803
7.225532242975937
7.208674515751481
7.142947288854472
7.100263280301753
7.090617448379439
7.056784540080912
7.019033376201714
7.028902727514669
6.990484688976267
6.9338763644264025
6.918899852670056
6.911884869002019
6.914465998520147
6.818422710010834
6.841180436409186
6.785950306025404
6.788147915140107
6.750275554563245
6.739978771173873
6.646557957045006
6.663826596500385
6.659998614461909
6.637154496884409
6.616477071160425
6.591022725465868
6.602330274929009
6.521677529325903
6.596840405862704
6.513477387580633
6.435256633301017
6.457158629516191
6.457364236442459
6.391958013925941
6.365510630436495
6.37653754646803
6.301199741798737
6.3137831985592765
6.331164651262648
6.2527179127644334
6.242902830930479
6.210881279327314
6.2532404840786695
6.184436479395735
6.145876829186349
6.081486180486154
6.155136827820347
6.1417738437632305
6.096948505003902
6.0867934405517055
6.0930603118922635
6.0348833542666895
5.997214292638473
5.973927156438615
5.992405490159572
5.950836075730772
5.909422019511271
5.91960618493265
5.909781735736742
5.870226809502179
5.822870505257731
5.795724640238909
5.779838117041054
5.825506236236466
5.773057390671465
5.736836069941874
5.748329749857607
5.737213948781932
5.6594857420538665
5.652994947853499
5.678223436724252
5.662737246157194
5.610393714066635
5.6172186703052915
5.588806274651406
5.561818970153718
5.523058391090736
5.511092012907671
5.495843571107141
5.53225466205347
5.449989481184866
5.4489425712132835
5.49824139604914
5.418401688574226
5.396132280081099
5.372931089601019
5.376213407940124
5.403283783542957
5.376370237749597
5.314466059976912
5.363333444574646
5.282034534764311
5.322451588432714
5.342415081618424
5.283610355067306
5.23036828437977
5.226863055244039
5.220574490621376
5.224612119744295
5.142851558366874
5.189610513352436
5.200348408295404
5.161668340599979
5.140602917874526
5.150245345464796
5.116334170787274
5.122546890592853
5.103763663250638
5.0856552057326505
5.059940762167616
5.080193623414903
5.020234840513201
5.033601133306069
5.0145851574591465
4.9777940844317135
4.953297747685769
4.982342437328753
4.9358733196669435
4.927631703606162
4.9050360090221305
4.9276944039421435
4.889422703762775
4.901835433974902
4.882606506693703
4.888171371064686
4.894205875152107
4.850359934897633
4.787766511617556
4.7989178330069535
4.793013503159207
4.78573931422407
4.800317856478243
4.7876726874606454
4.740138252221323
4.755938259452546
4.7281660508829555
4.742266826057248
4.684033279016212
4.709355702585601
4.66213064364595
4.664146177210659
4.648661850187079
4.6302728646171545
4.630068459588392
4.603909786041477
4.585467911492315
4.608887545229184
4.56728016209302
4.564643193740244
4.5666424258713505
4.556385859404918
4.557199669086367
4.485748110994414
4.5134410714761
4.524308651063925
4.509701642103163
4.453638445776196
4.413930374073749
4.4253522784380035
4.449104069346868
4.42424705719287
4.38578924099228
4.399973936185152
4.397156687603151
4.409372047527777
4.343092975086034
4.374383205770618
4.369797415446453
4.368045460964795
4.333162708605687
4.345726232258482
4.288023644856343
4.30301433076726
4.311270161802414
4.328881061135462
4.257463123493039
4.291798567805481
4.313927445681336
4.269376002028503
4.25273732290641
4.1946999334737445
4.205650436776269
4.175506895562762
4.209941753897265
4.175852780968153
4.170620622300566
4.150553818157324
4.172396868210517
4.151111891831597
4.10747295038961
4.1308521391030215
4.1398549840572
4.117255629057036
4.120357059085695
4.07122043475888
4.091244075119402
4.053574609447078
4.062629401793197
4.06527508051475
4.046745716586702
4.04172902344073
4.026963137408439
4.044674482042492
4.007297966878413
3.9955760706819863
3.9840145301648136
4.008759880639348
3.998145755009641
3.952470749331071
3.956455591776576
3.931401993019003
3.939316255786614
3.94625449797938
3.944703692721114
3.9103233402239583
3.8982233298575286
3.9081523600513264
3.85737521194299
3.8809047554798872
3.871892682208734
3.880868217469515
3.85196223831962
3.848598352721174
3.8400681941098904
3.8283121336393378
3.8197421047497118
3.8264406579825847
3.833792122532145
3.830048310767984
3.8336142377781335
3.8010371401943734
3.7784575139672003
3.778914432331849
3.7751751142587
3.790377974271853
3.75143872134513
3.759238222906645
3.758427982622684
3.7094867713241797
3.709983158814748
3.7421265236880843
3.6956649635732903
3.70324938330552
3.6685515324687006
3.64396436859588
3.6754483500347646
3.660602138558545
3.6948852998793065
