31664747 8095624
31657371 8102708
31657223 8102668
31674373 8086259
31642738 8117687
31614639 8145534
31562802 8197225
31604548 8155482
31641130 8119299
31639877 8119528
31683571 8076089
31610903 8149049
31647669 8112605
31682586 8077091
31639193 8121467
31639383 8121166
31584090 8175400
31632297 8127712
31667778 8092285
31982167 7779363
32389189 7376581
32847926 6919816
33261664 6509860
33642150 6131490
33928754 5845653
34237399 5540235
34557469 5221414
34885669 4895195
35240733 4542088
35447189 4337248
35842300 3943432
36004286 3782215
36211512 3576235
36477551 3311157
36639385 3151000
36933537 2858016
37138215 2652662
37306003 2486913
37505837 2287494
37690112 2104324
37789862 2004801
38096223 1699767
38109945 1686095
38326829 1469640
38487527 1310172
38572115 1225840
38692478 1105587
38854900 944020
38906011 892997
39051178 748127
39072495 727260
39214665 585548
39222795 577190
39359511 441081
39445395 355502
39480824 320136
39552476 248715
39568438 232703
39613133 188237
39648867 152583
39668965 132548
39712901 88731
39742002 59704
39742500 59200
39774075 27713
39780023 21779
39792967 8871
39798869 2980
39799264 2578
39801878 0
39801891 0
39801899 0
39801861 0
39801884 0
39801909 0
39801868 0
39801876 0
39801892 0
39801933 0
39801894 0
39801912 0
39801912 0
39801920 0
39801908 0
39801906 0
39801898 0
39801886 0
39801899 0
39801910 0
39801896 0
39801929 0
39801911 0
39801915 0
39801905 0
39801910 0
39801921 0
39801903 0
39801920 0
39801927 0
39801908 0
39801915 0
39801923 0
39801913 0
39801921 0
39801928 0
39801923 0
39801923 0
39801940 0
39801920 0
39801935 0
39801910 0
39801921 0
39801930 0
39801960 0
39801947 0
39801948 0
39801926 0
39801943 0
39801934 0
39801944 0
