43998 41723
43522 41247
43819 41566
43984 41489
43776 41544
43947 41664
43980 41683
43587 41299
43695 41457
43758 41440
43929 41753
43951 41764
43735 41474
43690 41518
43705 41560
43946 41669
43804 41636
43510 41426
44170 41793
41043 38930
38245 36109
34713 33012
31993 30335
29555 28042
27250 25811
25526 24195
23846 22537
21959 20602
20006 18835
18762 17499
16813 15602
16127 14894
14703 13527
13479 12281
12428 11338
11381 10294
10755 9502
9610 8423
9054 7832
8358 7187
7810 6652
6759 5609
6523 5335
5783 4688
5242 4056
5057 3923
4544 3456
3957 2920
3599 2559
3376 2189
3242 2021
2862 1660
2676 1566
2353 1121
2058 978
2135 923
1899 691
1739 624
1650 448
1464 385
1400 288
1340 230
1248 153
1265 144
1165 77
1158 53
1209 32
1068 7
1125 1
1072 0
1068 0
1010 0
1026 0
1008 0
998 0
1025 0
987 0
946 0
1006 0
1002 0
1060 0
1028 0
1009 0
1023 0
1083 0
965 0
958 0
972 0
987 0
950 0
1001 0
985 0
929 0
1018 0
922 0
924 0
1020 0
954 0
985 0
999 0
949 0
878 0
937 0
927 0
917 0
946 0
924 0
923 0
863 0
877 0
893 0
989 0
928 0
931 0
943 0
920 0
894 0
885 0
910 0
853 0
851 0
890 0
917 0
908 0
880 0
922 0
889 0
871 0
878 0
901 0
857 0
844 0
837 0
814 0
866 0
847 0
835 0
878 0
835 0
829 0
815 0
810 0
808 0
833 0
816 0
786 0
839 0
828 0
773 0
822 0
799 0
785 0
767 0
827 0
793 0
780 0
754 0
765 0
772 0
757 0
761 0
769 0
767 0
780 0
780 0
735 0
756 0
762 0
738 0
757 0
775 0
737 0
729 0
749 0
738 0
749 0
763 0
768 0
740 0
747 0
738 0
735 0
741 0
731 0
746 0
731 0
709 0
737 0
730 0
749 0
716 0
702 0
724 0
727 0
711 0
703 0
695 0
697 0
698 0
711 0
702 0
687 0
693 0
705 0
707 0
696 0
699 0
717 0
713 0
700 0
697 0
683 0
682 0
673 0
682 0
696 0
685 0
710 0
669 0
691 0
688 0
677 0
664 0
667 0
681 0
664 0
682 0
662 0
662 0
684 0
675 0
689 0
657 0
664 0
663 0
657 0
649 0
663 0
659 0
672 0
657 0
660 0
661 0
682 0
657 0
655 0
652 0
634 0
653 0
644 0
668 0
640 0
655 0
649 0
635 0
642 0
650 0
645 0
642 0
639 0
649 0
626 0
636 0
617 0
629 0
640 0
628 0
623 0
622 0
617 0
605 0
618 0
640 0
629 0
624 0
627 0
618 0
621 0
618 0
603 0
606 0
617 0
606 0
602 0
614 0
601 0
609 0
601 0
616 0
619 0
612 0
614 0
602 0
595 0
613 0
599 0
611 0
614 0
602 0
621 0
596 0
606 0
600 0
607 0
596 0
596 0
588 0
608 0
594 0
601 0
589 0
595 0
611 0
580 0
599 0
587 0
597 0
593 0
578 0
583 0
577 0
575 0
572 0
591 0
581 0
581 0
593 0
585 0
585 0
568 0
575 0
575 0
572 0
570 0
579 0
574 0
572 0
567 0
577 0
567 0
564 0
570 0
565 0
565 0
550 0
576 0
550 0
560 0
560 0
575 0
555 0
563 0
557 0
558 0
551 0
556 0
561 0
554 0
563 0
559 0
538 0
563 0
552 0
563 0
545 0
547 0
551 0
549 0
547 0
548 0
557 0
557 0
548 0
541 0
538 0
543 0
551 0
536 0
548 0
551 0
552 0
544 0
551 0
535 0
541 0
546 0
535 0
548 0
537 0
547 0
535 0
540 0
531 0
543 0
534 0
530 0
549 0
535 0
527 0
536 0
534 0
530 0
537 0
541 0
529 0
533 0
533 0
532 0
520 0
535 0
531 0
525 0
545 0
528 0
519 0
530 0
520 0
522 0
521 0
518 0
531 0
527 0
510 0
512 0
522 0
521 0
531 0
516 0
512 0
516 0
514 0
512 0
512 0
520 0
520 0
511 0
517 0
525 0
510 0
514 0
508 0
507 0
505 0
515 0
509 0
514 0
498 0
507 0
506 0
503 0
512 0
509 0
501 0
500 0
502 0
506 0
510 0
510 0
506 0
503 0
498 0
494 0
501 0
500 0
487 0
498 0
503 0
498 0
497 0
502 0
