0.1699846052577783
14.223532396074296
12.604741247806638
11.4429716561355
10.506755994787154
9.624326672894668
8.969995346727297
8.345687446871533
7.802878317137901
7.30144703992989
6.854799488773798
6.545407897183955
6.197590467845938
5.867939474174984
5.596960868401476
5.400533683078269
5.14500938334526
4.927406193202806
4.726873973594165
4.541813662039439
4.394845748219462
4.228356450349679
4.082813445006048
3.968916300788851
3.8411734443138306
3.7230734273636044
3.633197995543214
3.48646188889897
3.394041363145777
3.279693519764361
3.231620917046725
3.146035832171566
3.076036988073312
3.0008217762036407
2.9370631951365427
2.877599533338698
2.8168634994354003
2.731326064977999
2.677458000713625
2.5879697565099335
2.550771381092222
2.4907393378999334
2.4275456037875656
2.382367301237596
2.3639296258643157
2.315945092801983
2.2789483460817115
2.2326506191434445
2.1954181457817796
2.159781678051445
2.12601669920165
2.092259915536462
2.0699106781353436
