0.37647278607179885
15.711623911614428
14.067145153915503
12.673026516359453
11.586020506925955
10.64873913425092
9.922771759815546
9.22082312229394
8.604716727144417
8.140100537046568
7.655461134561005
7.175940056444773
6.880512962783067
6.559202731062227
6.283416308353157
5.954951390937913
5.691509138540612
5.459904218602526
5.261185608052177
5.035357218583797
4.857436681023953
4.732761784500672
4.489266201935106
4.380830800181958
4.226361574908484
4.138012362964746
3.9902544729662077
3.9018723643363717
3.786219963730582
3.672433439253295
3.6083311940474094
3.4776793885578527
3.3943071931563242
3.3174783056988737
3.2398170464152756
3.139085827863884
3.1007743275947366
3.0244542925135796
2.9674010789618013
2.909897203895974
2.8462474301148406
2.7821967686756532
2.7423179376543123
2.696212757105232
2.584548818536522
2.5209650441442264
2.4826740255406032
2.4624853007961383
2.410646418927157
2.375514560520293
2.3182284973114573
2.3071818333352656
2.2681064521803878
