0.20212305218850615
0.17863092868196787
15.14863206268167
13.63934201872883
12.523038026162219
11.441310889748278
10.687119810196336
9.94809870268647
9.30751992132492
8.734211226732867
8.183392807216931
7.806285650684854
7.343766637907903
7.063617252136575
6.66870269359518
6.401077429064022
6.101526085258534
5.858544255229412
5.644057890931586
5.406004544656613
5.232377707400031
5.067819766211569
4.914273062393058
4.718995008110141
4.60235914184255
4.42879137091751
4.2673656632465455
4.169275435492452
4.068103616535568
3.9655600094010524
3.8333287246017846
3.7406356120805184
3.661741911820074
3.5812368003846937
3.448852867512552
3.391834745689103
3.3057513863468473
3.244054284575975
3.1459887431563502
3.0839891731690328
3.045377039322114
2.990424228481001
2.918400727805755
2.888203004094414
2.815465869326513
2.7545592344405794
2.7139783597422635
2.662122880493307
2.6130977988784214
2.530861854039588
2.5092493196568513
2.448016743541353
2.4016359653917045
