0.19502368713756396
16.28677155297395
14.474684357782259
13.216282454746619
12.060387164436278
11.09750027432868
10.284481650874309
9.543475305869629
8.931998427213259
8.359284201060163
7.906212112265111
7.46901250638021
7.079975318153986
6.735486402332214
6.471227722077453
6.1659045109484625
5.9231501120664465
5.6316527964873675
5.432196006746395
5.209041002128686
5.04011826042314
4.874632555502442
4.679844921527994
4.5418866700619285
4.381206011622474
4.2584785386165125
4.117978831259149
4.013348587968959
3.91293102772147
3.831216654753283
3.7061031858128546
3.6134063303598634
3.538615825909801
3.444486079428303
3.359176677335271
3.254110458421472
3.1800272387678774
3.1167393356893647
3.054301013575946
2.994260970099105
2.926144621615987
2.8746335199280733
2.8246171169532546
2.7761128089173326
2.71408361215056
2.6694723474528135
2.627345515505673
2.5441888998834017
2.4851942777243465
2.4426766173184533
2.4054240473857686
2.3657999479239495
2.323273187080213
