0.18461298553845323
15.483190226665206
13.913369779958181
12.58945362259254
11.4688431098971
10.494818288638964
9.785247376234006
9.137893772645214
8.448160214087297
7.9502598266515205
7.523597497201177
7.113919727782788
6.753133192885542
6.415760626858718
6.150336431224463
5.866285667609226
5.596657538328564
5.387621833064142
5.171140481858599
4.990801849030843
4.791034993234633
4.633794399314267
4.475019697146573
4.310716992247416
4.18058156152617
4.081347843486419
3.9161696962583417
3.827069666451644
3.7308511951497123
3.608318235357539
3.5269436967321353
3.42948328297354
3.3321802583017037
3.247443189741542
3.169699360899589
3.0849188815634756
3.0140869509607837
2.963630212087789
2.8931079058432063
2.836332690460865
2.7724149583732194
2.7073221506626908
2.6565274373448595
2.621862172693062
2.550210583690872
2.5222841072002073
2.457554544936488
2.4102332458582647
2.367498517810019
2.325894633504438
2.2870132817691387
2.2488756686761313
2.2168181580912387
