0.19416396558589838
0.1716446121694969
14.542590144123302
13.203098102860462
12.04055841833894
11.063817786139486
10.197734851269825
9.55901977944853
8.963593819357797
8.415980568610115
7.88384250340225
7.4570101672186535
7.094766583727281
6.74241047919189
6.451855293015477
6.150112300534155
5.887136868614483
5.625967022985893
5.424375420593946
5.237549781902876
5.046176015050746
4.881252416897555
4.6838611239901535
4.534725362915342
4.406350930392554
4.257934791542091
4.127994488975887
3.991020770306013
3.9049400911550025
3.8137375322295655
3.6862028319718814
3.626927224411966
3.5017955583749707
3.4354555924537533
3.3326427418447135
3.2771015734146
3.1952238849111323
3.1097151406045724
3.0620176349448682
2.9747695381342387
2.9279263691533943
2.8571441788785137
2.7958434100695397
2.745193531736108
2.69951656614856
2.637163092860268
2.6040842160915005
2.5494123799494393
2.513378031165047
2.468547887539981
2.4022690936351205
2.3705606293081543
2.313265061296995
