0.2306157490521244
0.0007686483519080411
16.908712228764934
15.317900346928191
13.871973962543093
12.904930832309185
11.911006450830735
11.035448447195868
10.285900601080552
9.769568970531866
9.169941885490282
8.693015669161618
8.184419828079776
7.872920562146058
7.44509002815157
7.166378701792886
6.844874698330736
6.566128518467741
6.329084698924129
6.0654198242314585
5.818835974259079
5.632948365697496
5.4380862174709526
5.244512454388601
5.092531212019084
4.9523896732903
4.7575369110683665
4.672879950980972
4.52412884883538
4.401009508346187
4.270353282002475
4.192798523056274
4.05955949721689
3.938861638371293
3.9133889511334568
3.7763793962801113
3.683209682393798
3.6222674117405993
3.51519191177704
3.451738844712257
3.4207627399404843
3.3364447327456985
3.2750312613486336
3.1976884296471733
3.1626401943059124
3.07845080780835
3.036336942030085
2.9887846547130983
2.9214373028925174
2.811436942685249
2.8110732392216713
2.723703554857564
2.708153252513449
