0.2850525934128419
0.24969619844399005
2.74906028607802e-07
18.98655876213204
17.525237195927822
15.891089614337776
14.803922164430052
13.86040074556994
12.794242918263373
12.107642791860737
11.45089697702715
10.847478624290378
10.314447273207158
9.707783519396244
9.34685028324969
8.853204556312964
8.474043678024707
8.131445776418003
7.7896997213075485
7.5314109000941105
7.332376354552901
7.022403817774836
6.819160602408864
6.549707740001892
6.322695508642871
6.157042633393158
6.002413139128198
5.818258583801873
5.673790648659693
5.50767235754709
5.345197937019637
5.160165000907815
5.104122235975039
4.899595599458945
4.8044383031794355
4.742779777115649
4.591435379413509
4.482274920013632
4.419233336951219
4.319414635098136
4.223841754003914
4.1374381796116
4.047571737560764
3.984029229504016
3.904137282567492
3.8142165134176906
3.7069421887811784
3.64712946193639
3.5977937200888395
3.54938375526276
3.4879302673987342
3.407575170266301
3.36765990762753
