3418345 184017
3420567 181957
3419019 183339
3419369 183037
3427283 175883
3443123 160855
3459293 145724
3478818 127277
3490114 116647
3504039 103401
3520578 87701
3532845 75974
3539087 70026
3546638 62802
3555416 54406
3563499 46596
3572720 37752
3578543 32175
3586562 24393
3590559 20550
3593996 17222
3599904 11530
3602550 8971
3606217 5398
3607156 4494
3608665 3027
3610273 1483
3611486 299
3611595 190
3611795 0
3611809 0
3611808 0
3611813 0
3611812 0
3611813 0
3611817 0
3611832 0
3611827 0
3611830 0
3611838 0
3611837 0
3611830 0
3611824 0
3611838 0
3611835 0
3611842 0
3611838 0
3611840 0
3611842 0
3611847 0
3611845 0
3611854 0
3611863 0
3611854 0
3611843 0
3611844 0
3611861 0
3611860 0
3611851 0
3611852 0
3611854 0
3611862 0
3611857 0
3611860 0
3611861 0
3611865 0
3611856 0
3611865 0
3611871 0
3611866 0
3611887 0
3611866 0
3611886 0
3603401 0
3611877 0
3611875 0
3611885 0
3611875 0
3611877 0
3611876 0
3611884 0
3611884 0
3611872 0
3611876 0
3611889 0
3611876 0
3611890 0
3611879 0
3611900 0
3611892 0
3611881 0
3611888 0
3611884 0
3611882 0
3611890 0
3611896 0
3611887 0
3611895 0
3611896 0
3611906 0
3611889 0
3611904 0
3611905 0
3611896 0
3611903 0
3611893 0
3611912 0
3611910 0
3611908 0
3611910 0
3611899 0
3611902 0
3611903 0
3611908 0
3611913 0
3611908 0
3611898 0
3611915 0
3611898 0
3611911 0
3418345 184017
479791 211549
494039 228412
511349 229345
524322 247012
543869 240944
560845 264374
757287 306429
599191 245306
614151 239230
631339 280206
715056 276535
669183 262624
688811 282041
706172 269000
724196 303416
743844 283948
769292 302626
780067 284505
803543 307996
821122 301294
884685 330620
914680 332317
871217 333009
917584 329060
907348 326790
952999 343691
953498 316173
971754 335077
985852 366782
1343770 385003
1032940 380564
1047055 373439
1074724 391872
1468022 428161
1100762 427333
1109876 379772
1142041 390030
0 0
0 0
0 0
0 0
0 0
0 0
0 0
0 0
0 0
0 0
0 0
0 0
0 0
0 0
0 0
0 0
0 0
0 0
0 0
0 0
0 0
0 0
0 0
0 0
0 0
0 0
0 0
0 0
0 0
0 0
0 0
0 0
0 0
0 0
0 0
0 0
0 0
0 0
0 0
0 0
0 0
0 0
0 0
0 0
0 0
0 0
0 0
0 0
0 0
0 0
0 0
0 0
0 0
0 0
0 0
0 0
0 0
0 0
0 0
0 0
0 0
0 0
0 0
0 0
0 0
0 0
0 0
0 0
0 0
0 0
0 0
0 0
3418345 184017
3420567 181957
3419019 183339
0 0
0 0
0 0
0 0
0 0
0 0
0 0
0 0
0 0
0 0
0 0
0 0
0 0
0 0
0 0
0 0
0 0
0 0
0 0
0 0
0 0
0 0
0 0
0 0
0 0
0 0
0 0
0 0
0 0
0 0
0 0
0 0
0 0
0 0
0 0
0 0
0 0
0 0
0 0
0 0
0 0
0 0
0 0
0 0
0 0
0 0
0 0
0 0
0 0
0 0
0 0
0 0
0 0
0 0
0 0
0 0
0 0
0 0
0 0
0 0
0 0
0 0
0 0
0 0
0 0
0 0
0 0
0 0
0 0
0 0
0 0
0 0
0 0
0 0
0 0
0 0
0 0
0 0
0 0
0 0
0 0
0 0
0 0
0 0
0 0
0 0
0 0
0 0
0 0
0 0
0 0
0 0
0 0
0 0
0 0
0 0
0 0
0 0
0 0
0 0
0 0
0 0
0 0
0 0
0 0
0 0
0 0
0 0
0 0
0 0
0 0
0 0
0 0
0 0
0 0
0 0
0 0
0 0
0 0
0 0
0 0
0 0
0 0
0 0
0 0
0 0
0 0
0 0
0 0
0 0
0 0
0 0
0 0
0 0
0 0
0 0
0 0
0 0
0 0
0 0
0 0
0 0
0 0
0 0
0 0
0 0
0 0
0 0
0 0
0 0
0 0
0 0
0 0
0 0
0 0
0 0
0 0
0 0
0 0
0 0
0 0
0 0
0 0
0 0
0 0
0 0
0 0
0 0
0 0
0 0
0 0
0 0
0 0
0 0
0 0
0 0
0 0
0 0
0 0
0 0
0 0
0 0
0 0
0 0
0 0
0 0
0 0
0 0
0 0
0 0
0 0
0 0
0 0
0 0
0 0
0 0
0 0
0 0
0 0
0 0
0 0
0 0
0 0
0 0
0 0
0 0
0 0
0 0
0 0
0 0
0 0
0 0
0 0
0 0
0 0
0 0
0 0
0 0
0 0
0 0
0 0
0 0
0 0
0 0
0 0
0 0
0 0
0 0
0 0
0 0
0 0
0 0
0 0
0 0
0 0
0 0
0 0
0 0
0 0
0 0
0 0
0 0
0 0
0 0
0 0
0 0
0 0
0 0
0 0
0 0
0 0
0 0
0 0
0 0
0 0
0 0
0 0
0 0
0 0
0 0
0 0
0 0
0 0
0 0
0 0
0 0
0 0
0 0
0 0
0 0
0 0
0 0
0 0
0 0
0 0
0 0
0 0
0 0
0 0
0 0
0 0
0 0
0 0
0 0
0 0
0 0
0 0
0 0
0 0
0 0
0 0
0 0
0 0
0 0
0 0
0 0
0 0
0 0
0 0
0 0
0 0
0 0
0 0
0 0
0 0
0 0
0 0
0 0
0 0
0 0
0 0
0 0
0 0
0 0
0 0
0 0
0 0
0 0
0 0
0 0
0 0
0 0
0 0
0 0
0 0
0 0
0 0
0 0
0 0
0 0
0 0
0 0
0 0
3047909 544278
3047909 544278
3612009 0
3612009 0
0 0
0 0
0 0
0 0
0 0
0 0
0 0
0 0
0 0
0 0
0 0
0 0
0 0
0 0
0 0
0 0
0 0
0 0
0 0
0 0
0 0
0 0
0 0
0 0
0 0
0 0
0 0
0 0
0 0
0 0
0 0
0 0
0 0
0 0
0 0
0 0
0 0
0 0
0 0
0 0
0 0
0 0
0 0
0 0
0 0
0 0
0 0
0 0
0 0
0 0
0 0
0 0
0 0
0 0
0 0
0 0
0 0
0 0
0 0
0 0
0 0
0 0
0 0
0 0
0 0
0 0
0 0
0 0
0 0
0 0
0 0
0 0
0 0
0 0
0 0
0 0
0 0
0 0
0 0
0 0
0 0
0 0
0 0
0 0
0 0
0 0
0 0
0 0
0 0
0 0
0 0
0 0
0 0
0 0
0 0
0 0
0 0
0 0
0 0
0 0
0 0
0 0
0 0
0 0
0 0
0 0
0 0
0 0
0 0
0 0
0 0
0 0
0 0
0 0
0 0
0 0
0 0
0 0
0 0
0 0
0 0
0 0
0 0
0 0
0 0
0 0
0 0
0 0
0 0
0 0
0 0
0 0
0 0
0 0
0 0
0 0
0 0
0 0
0 0
0 0
0 0
0 0
0 0
0 0
0 0
0 0
0 0
0 0
0 0
0 0
0 0
0 0
0 0
0 0
0 0
0 0
0 0
0 0
0 0
0 0
0 0
0 0
0 0
0 0
0 0
0 0
0 0
0 0
0 0
0 0
0 0
0 0
0 0
0 0
