3548998 200180
3547170 201863
3546089 202870
3543642 205221
3554123 195600
3572738 177986
3588286 163327
3607129 145660
3621221 132397
3637559 116871
3653241 101971
3663118 92462
3674135 81913
3690487 66283
3691960 64891
3704644 52697
3708931 48642
3719029 38920
3725237 32906
3727564 30682
3734811 23691
3744176 14592
3745415 13386
3748861 10068
3751185 7788
3754335 4735
3755988 3146
3757178 1985
3758035 1159
3758608 591
3759100 120
3759231 0
3759235 0
3759248 0
3759243 0
3759243 0
3759240 0
3759244 0
3759249 0
3759256 0
3759256 0
3759262 0
3759251 0
3759260 0
3759248 0
3751659 0
3759259 0
3757282 0
3759266 0
3759265 0
3759275 0
3759275 0
3759287 0
3759283 0
3759286 0
3759278 0
3759272 0
3759296 0
3759301 0
3759283 0
3759288 0
3759274 0
3759290 0
3759283 0
3759286 0
3759287 0
3759292 0
3759288 0
3759294 0
3759295 0
3759299 0
3759291 0
3759304 0
3759304 0
3759306 0
3759307 0
3759309 0
3759303 0
3759299 0
3759301 0
3759315 0
3759304 0
3759305 0
3759295 0
3759306 0
3759305 0
3759314 0
3759312 0
3759313 0
3759299 0
3759313 0
3759320 0
3759318 0
3759325 0
3759309 0
3759324 0
3759317 0
3759339 0
3759309 0
3759330 0
3759329 0
3759336 0
3759334 0
3759337 0
3759330 0
3759330 0
3759325 0
3759326 0
3759336 0
3759349 0
3759329 0
3759338 0
3759326 0
3759334 0
3759337 0
3759328 0
3757251 0
3759340 0
3759352 0
3759343 0
