44709939 2576304
44687286 2598757
44674198 2611879
44644431 2641618
44771743 2514982
44998998 2288773
45189272 2099538
45419732 1870133
45592776 1697921
45793920 1497558
45986596 1305615
46108356 1184307
46244041 1049195
46445765 848169
46463822 830204
46620561 673933
46673014 621678
46797692 497363
46874977 420291
46903597 391770
46993376 302227
47109747 186137
47125168 170766
47167564 128470
47196739 99352
47235857 60333
47256204 40032
47271003 25263
47281584 14715
47288770 7533
47294822 1521
47296350 0
47296355 0
47296354 0
47296347 0
47296366 0
47296356 0
47296356 0
47296368 0
47296389 0
47296375 0
47296379 0
47296382 0
47296375 0
47296369 0
47200794 0
47296386 0
47271335 0
47296389 0
47296379 0
47296390 0
47296391 0
47296397 0
47296384 0
47296406 0
47296391 0
47296396 0
47296403 0
47296403 0
47296401 0
47296400 0
47296406 0
47296394 0
47296406 0
47296414 0
47296409 0
47296404 0
47296401 0
47296413 0
47296417 0
47296402 0
47296411 0
47296412 0
47296416 0
47296420 0
47296412 0
47296422 0
47296429 0
47296421 0
47296413 0
47296422 0
47296429 0
47296430 0
47296416 0
47296417 0
47296419 0
47296422 0
47296420 0
47296437 0
47296440 0
47296431 0
47296445 0
47296429 0
47296433 0
47296429 0
47296440 0
47296447 0
47296435 0
47296433 0
47296444 0
47296440 0
47296439 0
47296439 0
47296451 0
47296443 0
47296441 0
47296450 0
47296448 0
47296441 0
47296442 0
47296440 0
47296452 0
47296443 0
47296445 0
47296440 0
47296453 0
47270239 0
47296445 0
47296456 0
47296441 0
