47874509 3119494
47886861 3107104
47867039 3126823
47858231 3135625
48028056 2966616
48202823 2792967
48471663 2525375
48723080 2275094
48859544 2139416
49129470 1870552
49364974 1635894
49480173 1521166
49623656 1378231
49794933 1207573
49901417 1101440
50062952 940378
50163799 839893
50272324 731687
50388895 615464
50440668 563868
50550626 454132
50639769 365253
50696674 308395
50770439 234913
50821501 183956
50847000 158536
50896005 109627
50919059 86623
50941043 64689
50973961 31864
50987587 18251
50998854 7007
51000432 5416
51005333 553
51005895 0
51005890 0
51005882 0
51005899 0
51005896 0
51005899 0
51005889 0
51005903 0
51005910 0
51005913 0
51005913 0
51005900 0
51005915 0
51005917 0
51005923 0
51005911 0
51005912 0
51005910 0
51005935 0
51005916 0
51005924 0
51005926 0
51005917 0
51005925 0
50998078 0
51005926 0
51005924 0
51005915 0
51005931 0
51005933 0
51005939 0
51005938 0
51005937 0
51005947 0
51005953 0
51005936 0
51005939 0
51005948 0
51005945 0
51005938 0
51005947 0
51005952 0
51005953 0
51005958 0
51005953 0
51005956 0
51005950 0
51005958 0
51005958 0
51005952 0
51005965 0
51005949 0
51005951 0
51005954 0
51005966 0
51005961 0
51005959 0
51005967 0
51005974 0
51005965 0
51005960 0
51005970 0
51005970 0
51005975 0
51005970 0
51005959 0
51005967 0
51005982 0
51005976 0
51005968 0
51005977 0
51005967 0
51005977 0
51005957 0
51005989 0
51005981 0
51005981 0
51005982 0
51005982 0
51005985 0
51005985 0
51005991 0
51005980 0
51005987 0
51005986 0
51005980 0
