3799708 242425
3800644 241547
3799050 242952
3798335 243699
3812233 230801
3826603 217250
3848582 196614
3869112 177304
3880302 166878
3902227 146029
3921313 127739
3930750 118848
3942377 107679
3956252 94419
3964870 86143
3977968 73571
3986140 65738
3994926 57320
4004333 48212
4008516 44199
4017386 35608
4024582 28655
4029174 24200
4035099 18424
4039241 14428
4041300 12448
4045237 8611
4047088 6807
4048855 5090
4051514 2505
4052610 1435
4053512 552
4053641 424
4054056 44
4054099 0
4054087 0
4054094 0
4054111 0
4054098 0
4054118 0
4054116 0
4054115 0
4054121 0
4054119 0
4054114 0
4054125 0
4054136 0
4054121 0
4054117 0
4054114 0
4054118 0
4054120 0
4054131 0
4054126 0
4054142 0
4054127 0
4054125 0
4054137 0
4053502 0
4054123 0
4054132 0
4054149 0
4054151 0
4054147 0
4054143 0
4054148 0
4054146 0
4054153 0
4054163 0
4054160 0
4054151 0
4054144 0
4054155 0
4054158 0
4054167 0
4054158 0
4054158 0
4054158 0
4054163 0
4054153 0
4054163 0
4054164 0
4054178 0
4054153 0
4054169 0
4054168 0
4054164 0
4054170 0
4054173 0
4054171 0
4054182 0
4054166 0
4054175 0
4054167 0
4054176 0
4054191 0
4054177 0
4054175 0
4054188 0
4054177 0
4054177 0
4054182 0
4054171 0
4054182 0
4054185 0
4054172 0
4054183 0
4054185 0
4054179 0
4054192 0
4054199 0
4054184 0
4054199 0
4054192 0
4054177 0
4054195 0
4054194 0
4054202 0
4054195 0
4054194 0
