3860934 254250
3865471 249923
3869708 245869
3866257 249407
3874471 241776
3891048 226287
3911538 206974
3932725 186943
3949329 171329
3968466 153246
3981210 141173
4000308 122888
4005213 118233
4023443 100824
4033700 90903
4041882 83073
4052210 73154
4065913 59929
4073855 52324
4078018 48304
4084117 42389
4095111 31745
4099095 27850
4103782 23324
4109996 17325
4114089 13342
4118580 8946
4120273 7327
4122550 5106
4123749 3933
4125348 2386
4126793 976
4127053 728
4127754 44
4127816 0
4127818 0
4127812 0
4127820 0
4127826 0
4127821 0
4127819 0
4127827 0
4127816 0
4123812 0
4127819 0
4127840 0
4127831 0
4127841 0
4127847 0
4127838 0
4127853 0
4127837 0
4127836 0
4127834 0
4127837 0
4127840 0
4127846 0
4127841 0
4127833 0
4127847 0
4127851 0
4127867 0
4127861 0
4127854 0
4127852 0
4127864 0
4127872 0
4127861 0
4127870 0
4127867 0
4127861 0
4127858 0
4127866 0
4127877 0
4127880 0
4127864 0
4127876 0
4127874 0
4127877 0
4127882 0
4127873 0
4127875 0
4127879 0
4127869 0
4127884 0
4127884 0
4127887 0
4127890 0
4127884 0
4127879 0
4127885 0
4127896 0
4127889 0
4127890 0
4127891 0
4127879 0
4127890 0
4127897 0
4127894 0
4127895 0
4127889 0
4127900 0
4127894 0
4127892 0
4127894 0
4127889 0
4127889 0
4127903 0
4127905 0
4127907 0
4127906 0
4127899 0
4127900 0
4127913 0
4127898 0
4127897 0
4127911 0
4127911 0
4127907 0
4127904 0
