3985048 276824
3992948 269126
3989998 271804
3991078 270905
3998416 264425
4019442 244447
4041130 224139
4065741 200874
4077270 190207
4097766 170782
4117955 151489
4128741 141254
4143982 126664
4157473 113748
4164868 106672
4178497 93576
4187516 84872
4200605 72339
4210874 62433
4217353 56201
4224697 49065
4235750 38397
4239473 34785
4244928 29475
4251855 22769
4255198 19489
4261325 13552
4264238 10706
4266197 8790
4269069 6007
4271106 4004
4272540 2624
4273668 1521
4274631 577
4275100 137
4275238 0
4275245 0
4275252 0
4275251 0
4275258 0
4275245 0
4275249 0
4275258 0
4275239 0
4275265 0
4275257 0
4275258 0
4275264 0
4275245 0
4275266 0
4275265 0
4275266 0
4275283 0
4275267 0
4275278 0
4275267 0
4275275 0
4275275 0
4275264 0
4275279 0
4275285 0
4275281 0
4275278 0
4275287 0
4275289 0
4269140 0
4275283 0
4275293 0
4275298 0
4275301 0
4275301 0
4275297 0
4275298 0
4275299 0
4275300 0
4275298 0
4275306 0
4275312 0
4275305 0
4275283 0
4275306 0
4275314 0
4275308 0
4275292 0
4275301 0
4275322 0
4275307 0
4275314 0
4275300 0
4275310 0
4275312 0
4275306 0
4275319 0
4275315 0
4275324 0
4275308 0
4275320 0
4275326 0
4275325 0
4275323 0
4275328 0
4275338 0
4275325 0
4275330 0
4275331 0
4275328 0
4275325 0
4275338 0
4275329 0
4275329 0
4275331 0
4275333 0
4275335 0
4275316 0
4275339 0
4275335 0
4275336 0
4275331 0
4275330 0
4275324 0
