50214771 3559848
50312574 3462288
50278445 3496335
50290592 3484233
50378057 3397367
50635782 3140979
50900373 2877620
51202087 2577402
51342369 2437795
51594463 2186747
51843092 1939085
51975572 1807237
52163071 1620398
52329608 1454397
52420726 1363657
52589357 1195546
52701118 1084130
52862497 923259
52989529 796591
53069249 717083
53160892 625665
53297488 489432
53343887 443155
53411764 375453
53497569 289829
53539301 248209
53615096 172572
53651501 136231
53676060 111747
53711541 76340
53737021 50905
53754612 33349
53768632 19348
53780675 7321
53786285 1740
53788037 0
53788037 0
53788032 0
53788031 0
53788041 0
53788051 0
53788057 0
53788057 0
53788068 0
53788041 0
53788043 0
53788055 0
53788067 0
53788059 0
53788065 0
53788052 0
53788082 0
53788079 0
53788075 0
53788080 0
53788071 0
53788072 0
53788082 0
53788067 0
53788082 0
53788074 0
53788086 0
53788071 0
53788082 0
53788080 0
53710682 0
53788091 0
53788073 0
53788099 0
53788100 0
53788091 0
53788097 0
53788095 0
53788084 0
53788092 0
53788095 0
53788111 0
53788100 0
53788104 0
53788090 0
53788093 0
53788103 0
53788098 0
53788100 0
53788106 0
53788095 0
53788103 0
53788109 0
53788093 0
53788113 0
53788108 0
53788116 0
53788114 0
53788121 0
53788124 0
53788128 0
53788115 0
53788115 0
53788137 0
53788127 0
53788114 0
53788121 0
53788124 0
53788120 0
53788126 0
53788131 0
53788133 0
53788120 0
53788125 0
53788121 0
53788124 0
53788123 0
53788140 0
53788121 0
53788135 0
53788130 0
53788129 0
53788133 0
53788131 0
53788128 0
