0.2512036804515344
0.2250060040722451
18.64084734850805
16.94108557655226
15.404726030470066
14.321984915722872
13.1778465282761
12.29802421551095
11.4217150182621
10.720322533739829
10.165234929465234
9.589887525628786
9.186302324267398
8.688622640257066
8.356613097030252
7.95814695200121
7.537380467427466
7.2588090762453685
6.96789236809987
6.685764842095769
6.456723533468766
6.262114126289067
6.033794406118861
5.853319157201038
5.6751239970847545
5.498644191689809
5.309627173754943
5.173690678421402
5.02307543385611
4.885327199613329
4.727574702570447
4.6504178879269675
4.522241530394977
4.361825609558739
4.2827211229442295
4.197857716563048
4.090624527672928
4.014847484705741
3.9234610169366317
3.837962972641717
3.7842429880396717
3.6960934388064217
3.611747444564062
3.555489437316392
3.4176201371231727
3.3767954295109677
3.309845310741771
3.262438073521652
3.197488852554368
3.141245651060405
3.101321156381626
3.0488459588965364
2.9993395182778433
