0.2607065560268637
0.45687997777974376
19.03672208237621
17.27506040322907
15.976295966305315
14.54796630575819
13.518144294228984
12.559463654505592
11.803195202826599
11.064081282291257
10.486355816640643
9.834438344402697
9.34458024831672
8.879234602789145
8.503420604147788
8.087956964305754
7.728059087022417
7.364545919230949
7.0812665514685085
6.903626833572086
6.6391444543223495
6.3822408515935924
6.232337499802762
5.98866912342956
5.77404371200024
5.628942765425397
5.431402155032302
5.305201242956068
5.133591778594913
4.974073486996454
4.842621715316267
4.739965386576848
4.611416994173678
4.486807391451622
4.4341808238012845
4.282867312986635
4.240457427310284
4.077553786156459
4.010566067306412
3.904010323874609
3.871971940753219
3.7580859370193234
3.7163878558415897
3.626175797282244
3.5472247856205357
3.482604674191866
3.399092539859159
3.3744591869850638
3.279151822132232
3.2542680838913087
3.16349825687144
3.126048686619801
3.0702213195817785
