0.2692406254818744
0.24050715685638666
20.152573562014084
18.18686053916688
16.50201621899369
15.2847709533639
14.248818521714117
13.215763224313642
12.363516826008066
11.607895622440338
10.8995538523352
10.32938372243639
9.856511133956499
9.38912066485867
8.94005824643418
8.515580727849377
8.102949442663743
7.802190813343825
7.51298917110156
7.20790707299135
6.959654332922647
6.758163635791618
6.512059062503549
6.261438203752888
6.056473625327747
5.882515335915787
5.661004700415411
5.547793789225911
5.386657751746284
5.225604378496637
5.094868680684456
4.954032723983349
4.874683667441776
4.741557706754664
4.633260004876841
4.502188523623813
4.429514198684437
4.306614226591234
4.2317552429083385
4.1143333561390865
4.027133552428819
3.9160045656411113
3.8492950180296734
3.7926631890041795
3.7148620899016462
3.637998456614555
3.5935411726727384
3.5323777440335684
3.4404852846913117
3.396026509837042
3.3162552577455093
3.240399862628711
3.2150695757025565
