9706976 1496745
9723240 1480813
9707283 1496510
9711617 1492179
9716780 1487159
9709723 1494091
9722076 1481818
9721344 1482633
9721735 1482337
9723520 1480488
9712997 1490764
9708632 1495289
9719422 1484394
9722165 1481826
9715063 1488823
9751029 1453523
9845136 1361281
9950421 1258404
10036652 1173641
10103173 1108467
10202467 1011029
10266981 947693
10354208 862038
10432519 785013
10511840 706818
10555200 663912
10629751 590700
10657250 563547
10711057 510675
10774476 448093
10807037 415977
10862344 361447
10888370 335460
10926725 297831
10976404 248645
10984962 240254
11036100 189690
11062633 163336
11099393 127127
11106474 120155
11135698 91169
11148243 78786
11166505 60704
11179312 48004
11194983 32503
11198053 29448
11209279 18326
11212494 15133
11220269 7451
11223505 4243
11225508 2259
11227563 242
11227784 0
11227797 0
11227826 0
11227811 0
11227803 0
11227808 0
11227798 0
11227818 0
11227826 0
11227823 0
11227837 0
11227830 0
11227816 0
11227822 0
11227831 0
11227828 0
11227825 0
11227846 0
11227830 0
11227821 0
11227807 0
11227830 0
11227845 0
11227836 0
11227847 0
11227845 0
11227845 0
11227842 0
11227838 0
11227843 0
11227830 0
11227845 0
11227840 0
11227834 0
11227850 0
11227843 0
11227852 0
11227847 0
11227866 0
11227859 0
11227872 0
11227829 0
11227847 0
11227854 0
11227850 0
11227838 0
11227861 0
11227870 0
11227857 0
11227872 0
11227838 0
11227848 0
11227867 0
11227864 0
11227855 0
11227871 0
11227854 0
11227875 0
11227878 0
11227874 0
11227889 0
11227878 0
11227870 0
11227860 0
11227877 0
11227879 0
11227861 0
11227869 0
11227872 0
11227857 0
11227870 0
11227867 0
11227877 0
11227888 0
11227881 0
11227884 0
11227882 0
11227882 0
11227868 0
11227897 0
11227870 0
11227859 0
11227879 0
11227897 0
11227864 0
11227901 0
11227891 0
11227895 0
11227916 0
11227881 0
11227895 0
11227890 0
11227899 0
11227898 0
11227908 0
11227881 0
11227930 0
11227883 0
11227900 0
11227902 0
11227911 0
11227896 0
11227919 0
11227872 0
11227909 0
11227907 0
11227919 0
11227899 0
11227889 0
11227910 0
11227899 0
11227904 0
11227911 0
11227889 0
11227915 0
11227892 0
11227906 0
11227898 0
11227915 0
11227915 0
11227928 0
11227923 0
11227906 0
11227918 0
11227939 0
11227905 0
11227915 0
11227912 0
11227913 0
11227893 0
11227902 0
11227920 0
11227929 0
11227925 0
11227922 0
11227927 0
11227923 0
11227923 0
11227917 0
11227940 0
11227941 0
11227917 0
11227915 0
11227929 0
11227929 0
11227936 0
11227927 0
11227927 0
11227938 0
11227917 0
11227925 0
11227935 0
11227913 0
11227933 0
11227935 0
11227938 0
11227915 0
11227952 0
11227919 0
11227942 0
11227930 0
11227932 0
11227928 0
11227954 0
11227940 0
11227957 0
11227957 0
11227948 0
11227936 0
11227936 0
11227953 0
11227946 0
11227948 0
11227956 0
11227944 0
11227968 0
11227949 0
11227955 0
11227940 0
11227944 0
11227947 0
11227957 0
11227970 0
11227955 0
11227955 0
11227964 0
11227960 0
11227950 0
11227965 0
11227958 0
11227957 0
11227954 0
11227953 0
11227986 0
11227971 0
11227961 0
11227959 0
11227967 0
11227982 0
11227949 0
11227970 0
11227968 0
11227955 0
11227953 0
11227976 0
11227969 0
11227965 0
11227972 0
11227965 0
11227961 0
11227957 0
11227972 0
11227982 0
11227979 0
11227972 0
11227974 0
11227974 0
11227981 0
11227967 0
11227977 0
11227980 0
11227968 0
11227967 0
11227979 0
11227979 0
11227981 0
11227971 0
11227969 0
11227976 0
11227980 0
11227970 0
11227979 0
11227975 0
11227971 0
11227978 0
11227978 0
11227983 0
11227979 0
11227985 0
11227978 0
11227962 0
11227970 0
11227982 0
11227979 0
11227981 0
11227980 0
11227982 0
11227988 0
11227981 0
11227991 0
11227993 0
11227986 0
11227984 0
11227970 0
11227983 0
11227982 0
11227989 0
11227981 0
11227986 0
11227988 0
11227983 0
11227997 0
11227998 0
11228002 0
11228004 0
11227978 0
11228000 0
11227996 0
11227992 0
11227992 0
11227993 0
11228003 0
11227994 0
11227997 0
11228005 0
11227993 0
11227991 0
11227997 0
11228001 0
11227999 0
11227997 0
11227999 0
11227993 0
11228004 0
11227998 0
11228007 0
11228004 0
11227999 0
11227998 0
11227995 0
11228010 0
11227994 0
11228002 0
11228006 0
11227999 0
11228016 0
11228000 0
11227996 0
11228005 0
11227995 0
11228015 0
11228010 0
11228006 0
11228013 0
11228003 0
11228004 0
11228000 0
11228004 0
11227999 0
11228011 0
11228001 0
11228003 0
11228002 0
11228001 0
11228000 0
11227993 0
11228004 0
11228007 0
11228004 0
11228004 0
11227999 0
11228005 0
11228006 0
11228025 0
11228025 0
11228014 0
11228001 0
11228000 0
11228012 0
11228016 0
11228011 0
11228008 0
11228023 0
11228010 0
11228010 0
11228014 0
11228009 0
11228026 0
11228022 0
11228021 0
11228013 0
11228012 0
11228020 0
11228010 0
11228010 0
11228019 0
11228016 0
11228020 0
11228013 0
11228002 0
11228029 0
11228008 0
11228013 0
11228015 0
11228026 0
11228014 0
11228009 0
11228019 0
11228008 0
11228026 0
11228011 0
11228017 0
11228018 0
11228016 0
11228016 0
11228014 0
11228020 0
11228008 0
11228023 0
11228030 0
11228020 0
11228021 0
11228022 0
11228018 0
11228037 0
11228023 0
11228032 0
11228027 0
11228032 0
11228014 0
11228027 0
11228025 0
11228022 0
11228035 0
11228020 0
11228028 0
11228035 0
11228022 0
11228025 0
11228034 0
11228021 0
11228031 0
11228030 0
11228035 0
11228022 0
11228038 0
11228017 0
11228026 0
11228024 0
11228031 0
11228041 0
11228037 0
11228028 0
11228024 0
11228044 0
11228038 0
11228033 0
11228027 0
11228033 0
11228026 0
11228029 0
11228026 0
11228036 0
11228039 0
11228030 0
11228045 0
11228035 0
11228035 0
