18048675 2946996
18049046 2946602
18024826 2970592
18062039 2933767
18049023 2946903
18051523 2944486
18043597 2952162
18069168 2927064
18032982 2962733
18051743 2943791
18046407 2949431
18033032 2962719
18026798 2968656
18051292 2944643
18055786 2940130
18067927 2928358
18263929 2734553
18524618 2476470
18605624 2396762
18800613 2203654
18943934 2061889
19085799 1921464
19259443 1749421
19397174 1612715
19526519 1484856
19622674 1389548
19756785 1256300
19858145 1155409
19960290 1054650
20058689 956918
20130777 885195
20218374 798422
20288278 728947
20376199 641657
20457665 560326
20500385 518280
20588824 430395
20633813 385789
20702730 317343
20721252 298934
20794595 226007
20815511 205180
20861417 159560
20892201 128712
20920327 100978
20938445 82936
20964839 56652
20977824 43569
20991470 30189
20998495 23215
21004382 17350
21013772 7869
21020242 1569
21020684 1128
21021586 229
21021812 0
21021801 0
21021810 0
21021839 0
21021824 0
21021832 0
21021830 0
21021837 0
21021855 0
21021830 0
21021827 0
21021837 0
21021852 0
21021848 0
21021830 0
21021860 0
21021852 0
21021864 0
21021861 0
21021865 0
21021845 0
21021861 0
21021864 0
21021871 0
21021849 0
21021864 0
21021880 0
21021839 0
21021874 0
21021886 0
21021856 0
21021873 0
21021855 0
21021856 0
21021881 0
21021880 0
21021883 0
21021901 0
21021861 0
21021864 0
21021867 0
21021896 0
21021902 0
21021894 0
21021868 0
21021874 0
21021900 0
21021878 0
21021916 0
21021873 0
21021884 0
21021881 0
21021885 0
21021886 0
21021883 0
21021896 0
21021886 0
21021880 0
21021888 0
21021912 0
21021907 0
21021894 0
21021883 0
21021883 0
21021907 0
