21.37492532477044
21.02062953804609
20.63994759858115
20.410757310213068
20.161133846322215
19.720096422786284
19.389711358324476
19.18596366350191
18.777114020278418
18.506856148443912
18.34271647648816
18.071538330829867
17.833505501997802
17.538710073078732
17.19005098858086
17.010880497137833
16.925266553259924
16.687352863544266
16.538841531694185
16.21731524414116
16.018421936894946
15.82705400609693
15.62427423413429
15.475357499675649
15.311568530100876
15.014032216549294
14.938113500813067
14.801389824299626
14.548856797390822
14.369315607924234
14.26399173917368
14.097268706377339
13.841423663666237
13.75796567686844
13.69754997292627
13.503555383863244
13.403306010649635
13.228166277633
13.084675595872433
13.025507187736924
12.751905414646501
12.734072665410999
12.433088920100168
12.415152815175453
12.255641174303719
12.199723742727041
12.110673587324568
12.001389411645796
11.853198444121995
11.713571988838055
11.616613774702982
11.463469597637486
11.412823615463017
11.375943740204889
11.261826107294326
11.141584990096362
11.102986772383224
10.946443318141966
10.820371925567606
10.787146061315731
10.662827282557082
10.642066593716086
10.513988752165616
10.446298076652901
10.38233370416529
10.26640443060312
10.205998401492261
10.071987353275217
10.050249813023093
9.92424289332092
9.901416202878377
9.709736247392694
9.68196267534951
9.649409191319904
9.603532561470569
9.4666583077797
9.437649211223976
9.34439739451958
9.23967744157576
9.175444108963415
9.132090473297085
9.087976492269753
8.998797221625809
8.934429076391677
8.890166635652282
8.848722135310036
8.757201844764518
8.66886880355537
8.663607346664575
8.60841698117554
8.585333393870513
8.531401377187322
8.483296980674783
8.43019579679219
8.343369908330446
8.283209827473275
8.27399891964922
8.123692531105508
8.10754562400718
8.067857130202924
7.971117427874843
8.045551355858624
7.884122374156869
7.855843939889848
7.759648901870127
7.852234891300595
7.722805874072655
7.70480515297414
7.644944750945877
7.530547916763494
7.55422232292567
7.446742249482277
7.47410712781878
7.468834209127947
7.389097552330843
7.341511677025421
7.237207035065726
7.251079670602639
7.191431457990154
7.173111923316944
7.0928754695707905
7.049214818530154
7.073919930417706
7.027893963629012
6.965685504589526
6.957526126860493
6.8615941893174694
6.903000036387548
6.838012222104526
6.745175085199765
6.801109117564215
6.704249122642711
6.667639273630607
6.67145299343425
6.587709687880931
6.594383124789601
6.5240899064452105
6.5182579686098165
6.515736025734013
6.44563399807194
6.429588586223247
6.3714723383465754
6.356587350340442
6.339836593777409
6.321483484390638
6.250716972824055
6.183927593902179
6.182713638441838
6.119665229497014
6.131271594155644
6.135738983030732
6.107441291552541
6.0346836893311275
6.007184474509188
5.978538617749418
5.9918646026925675
5.894443926104822
5.927876496751428
5.863769539002005
5.848502302169527
5.831277432807887
5.7989878664419665
5.7410774961039355
5.780974396154497
5.734096546991486
5.677067177728508
5.681793835184858
5.630612342152233
5.611389545059092
5.621506029349075
5.558899166032273
5.549946348369508
5.48442737065543
5.4949537230515215
5.514456895864983
5.435938608096003
5.4213621261285425
5.423636108208109
5.361542105686774
5.385939584268636
5.32767745325989
5.333872502553495
5.3310686397975315
5.249590798408212
5.293025389453328
5.229129183284524
5.219175019085714
5.1676704435611915
5.147192485769694
5.1891065547592845
5.12580649301708
5.125292661638932
5.097127885135258
5.077831765133748
5.080092836069964
5.067712582734994
5.018435194138056
5.006028821545065
4.964814885010492
5.000285457526547
4.95455898558326
4.948941112133355
4.903086906013659
4.90617038155433
4.868693227816403
4.833854209873362
4.807201664868196
4.8204378840038995
4.822037642055898
4.819321877786406
4.767004435266731
4.73721572039924
4.727017176831364
4.702597991054072
4.711132288282861
4.6796064222788205
4.610721564797113
4.654936881647032
4.593938780619647
4.5965919616501605
4.579652375063743
4.587039987712208
4.553664090547318
4.5040554630718725
4.512099645316319
4.511827160064192
4.4818969689139525
4.464810079463621
4.442826815509716
4.450778439120596
4.4416371987427485
4.377882982528763
4.391722985410842
4.363476248471867
4.363290134669763
4.335605797843504
4.362027029771518
4.299277528901085
4.278400524509452
4.3062909439962525
4.270768079846521
4.264532944671153
4.247965134969979
4.233590447230708
4.207399841124559
4.215320461664364
4.164124102522737
4.178577027360132
4.191034364725379
4.116478687416457
4.133422565095861
4.141401373489122
4.146857788090629
4.098686775463021
4.10650072838448
4.050331119871726
4.067278441134386
4.047889812690391
4.053530829985575
4.0360972872053935
4.0070656148104264
3.991908372542621
3.9897413099653116
3.9885585130731966
3.9847243688172034
3.94940322002517
3.947678900134288
3.9278554635716683
3.933834813796177
3.923016079420902
3.8941096135261546
3.889542456170352
3.8539132062521935
3.8651109908493253
3.862533763142633
3.8627502605098196
3.8514341765155407
3.804958339059117
3.826071955009854
3.80489903474956
3.7812795077279295
3.770457572232365
3.7576344257760796
3.7550587176597947
3.7699388125475934
3.7546421062601736
3.7416762411775335
3.7222316345614876
3.705709928335275
3.6946214162689377
3.703277879380275
3.6752832920573018
3.6775699040026124
3.6557290436940573
3.6583381553818297
3.6221900719792393
3.6099199249915817
3.5865780380983323
3.5934464381472275
3.566067726924052
3.585131591096615
3.5849875350965155
3.5253168741129137
3.5447319538335025
3.541331457529816
3.514818113150045
3.5364985239567748
3.5161021859198716
3.484684793362551
3.4863679068390505
3.5018620062679315
3.455868674756855
3.450231127871109
3.4734510140060593
3.443616483522287
3.4503297052118795
3.364197379032703
3.3777201459703066
3.375893967056095
3.3907190131840252
3.375259549373193
3.3361456602348634
3.3440188368648522
3.3169966478543325
3.329734139745124
3.3187454959527942
3.306056582863739
3.2833412266406254
3.2878355302157707
3.2826916421238526
3.2792722398791057
3.2660028305435755
3.2560783255043635
3.256988202970049
3.2667078740804483
3.2356764175868014
3.2350739686702195
3.2225067010983595
3.221874795877027
3.1970657610736133
3.218315692934748
3.200444845002826
3.173429101785132
3.18267386026708
3.1740489289094054
3.1381425278332697
3.1372715940534204
3.1466371745025983
3.1486262152951756
3.1609630888831814
3.1442412243276157
3.1175951052645403
3.12121755490889
3.103945619461397
3.084385980381862
3.0889171847623493
3.076074937076792
3.0914143608482845
3.092874787507692
3.0819924821817493
3.066017060073441
3.0302539063486846
3.041733462615916
3.0256715364737192
3.0287978107562368
3.03956621132897
3.0112475692530234
3.006297285164769
3.008689372540637
3.009901753311749
2.9984321531899836
2.9862632964257525
2.9950002969103435
2.971863498069533
2.977347806963194
2.9774205108807563
2.973823519969774
2.950082588795874
2.940769271583356
2.9261267380709612
2.9272302772620855
2.942858357794239
2.9199556877905755
2.912376536965253
2.9239625909914913
2.907624854073938
2.9108117240041156
2.8762715709539406
2.8915971596227155
2.871974196049814
2.8577549164518565
2.8549298764927724
2.8633410162798283
2.8583616913045216
2.8588639006182803
2.8330183472044745
2.8137573097507973
2.840023042469193
2.8125973398271302
2.805910709460977
2.819615022996677
2.785810681809821
2.8069560619938714
2.7912480171844187
2.800096728415788
2.7795274148726867
2.7871192939618186
2.764192323046627
2.7729711840138385
2.74553358420535
2.754660811879826
2.7328053884575003
2.763001991579358
2.739494493399493
2.724384752279393
2.7153735505173517
2.6924131113847944
2.692787841669797
2.701723619899958
2.716484045206175
2.685705971804059
2.689577601898443
2.700084605610443
2.7141763989531453
2.668969706240007
2.6571362136051198
2.6567014572635617
2.6576442285231767
2.6497161654847017
2.6453539896588016
2.651768936024573
2.6381461267184365
2.6357064509731574
2.658554067638561
2.618360186758773
2.6183994782761557
2.590688796698371
2.598041916480047
2.5722681036662447
2.55586185211092
