10641762 1930764
10629878 1942406
10632938 1939601
10628263 1944100
10628854 1943637
10636499 1936048
10643470 1929041
10638536 1934034
10643239 1929452
10623606 1948742
10634290 1937954
10635706 1936544
10650033 1922716
10632619 1939832
10641548 1930948
10660916 1911955
10775611 1799891
10906505 1671724
11003789 1576340
11092548 1489199
11191266 1392467
11239604 1344863
11385727 1201282
11459645 1128577
11547294 1042173
11597852 992766
11699082 892964
11745910 846648
11828761 765213
11891117 703690
11936701 658678
11987319 608644
12039478 557279
12108061 489415
12160408 437613
12166633 431595
12248383 350716
12270473 328907
12324499 275444
12327393 272601
12374712 225778
12395445 205253
12430445 170566
12462128 139233
12479732 121860
12489834 111805
12518528 83420
12531075 70844
12553791 48403
12561347 40967
12567277 35083
12579236 23232
12588646 13901
12588708 13815
12590852 11729
12599031 3586
12601596 1078
12601852 812
12602718 0
12602696 0
12602705 0
12602687 0
12602684 0
12602694 0
12602703 0
12602713 0
12602695 0
12602678 0
12602681 0
12602701 0
12602704 0
12602664 0
12602702 0
12602694 0
12602660 0
12602705 0
12602691 0
12602681 0
12602710 0
12602709 0
12602700 0
12602708 0
12602677 0
12602729 0
12602722 0
12602702 0
12602725 0
12602725 0
12602683 0
12602716 0
12602714 0
12602730 0
12602728 0
12602756 0
12602750 0
12602733 0
12602710 0
12602735 0
12602713 0
12602728 0
12602735 0
12602724 0
12602728 0
12602739 0
12602727 0
12602724 0
12602723 0
12602733 0
12602728 0
12602736 0
12602736 0
12602740 0
12602747 0
12602743 0
12602766 0
12602737 0
12602732 0
12602744 0
12602741 0
12602746 0
12602746 0
12602720 0
12602764 0
12602744 0
12602739 0
12602730 0
12602751 0
12602754 0
12602739 0
12602738 0
12602758 0
12602737 0
12602758 0
12602750 0
12602741 0
12602743 0
12602747 0
12602751 0
12602761 0
12602752 0
12602772 0
12602757 0
12602771 0
12602751 0
12602744 0
12602778 0
12602759 0
12602746 0
12602762 0
12602755 0
12602768 0
12602773 0
12602773 0
12602764 0
12602779 0
12602775 0
12602763 0
12602763 0
12602785 0
12602777 0
12602774 0
12602791 0
12602786 0
12602781 0
12602783 0
12602781 0
12602793 0
12602776 0
12602787 0
12602775 0
12602799 0
12602772 0
12602807 0
12602791 0
12602807 0
12602811 0
12602782 0
12602783 0
12602800 0
12602794 0
12602800 0
12602787 0
12602797 0
12602778 0
12602821 0
12602780 0
12602785 0
12602796 0
12602798 0
12602802 0
12602802 0
12602795 0
12602790 0
12602803 0
12602794 0
12602776 0
12602799 0
12602797 0
12602809 0
12602782 0
12602809 0
12602803 0
12602790 0
12602780 0
12602779 0
12602792 0
12602812 0
12602813 0
12602791 0
12602804 0
12602823 0
12602812 0
12602817 0
12602808 0
12602807 0
12602793 0
12602824 0
12602810 0
12602799 0
12602820 0
12602808 0
12602824 0
12602831 0
12602827 0
12602818 0
12602818 0
12602831 0
12602819 0
12602828 0
12602815 0
12602826 0
12602822 0
12602826 0
12602844 0
12602819 0
12602843 0
12602823 0
12602815 0
12602826 0
12602840 0
12602815 0
12602833 0
12602830 0
12602843 0
12602838 0
12602830 0
12602828 0
12602829 0
12602830 0
12602818 0
12602840 0
12602845 0
12602850 0
12602828 0
12602837 0
12602833 0
12602830 0
12602841 0
12602843 0
12602842 0
12602838 0
12602835 0
12602834 0
12602823 0
12602853 0
12602822 0
12602840 0
12602854 0
12602832 0
12602851 0
12602848 0
12602836 0
12602835 0
12602835 0
12602851 0
12602857 0
12602838 0
12602840 0
12602837 0
12602845 0
12602853 0
12602842 0
12602837 0
12602854 0
12602842 0
12602857 0
12602859 0
12602834 0
12602848 0
12602851 0
12602849 0
12602848 0
12602860 0
12602849 0
12602869 0
12602843 0
12602843 0
12602871 0
12602865 0
12602867 0
12602849 0
12602859 0
12602856 0
12602865 0
12602851 0
12602858 0
12602866 0
12602859 0
12602869 0
12602877 0
12602859 0
12602855 0
12602875 0
12602869 0
12602865 0
12602852 0
12602852 0
12602859 0
12602856 0
12602870 0
12602863 0
12602858 0
12602857 0
12602863 0
12602871 0
12602868 0
12602851 0
12602854 0
12602852 0
12602861 0
12602864 0
12602878 0
12602868 0
12602875 0
12602865 0
12602866 0
12602871 0
12602858 0
12602867 0
12602874 0
12602884 0
12602872 0
12602866 0
12602864 0
12602867 0
12602863 0
12602868 0
12602866 0
12602875 0
12602854 0
12602873 0
12602873 0
12602863 0
12602877 0
12602874 0
12602870 0
12602877 0
12602864 0
12602866 0
12602873 0
12602884 0
12602883 0
12602874 0
12602888 0
12602872 0
12602870 0
12602882 0
12602881 0
12602879 0
12602881 0
12602877 0
12602879 0
12602873 0
12602887 0
12602880 0
12602884 0
12602885 0
12602882 0
12602881 0
12602871 0
12602884 0
12602882 0
12602890 0
12602886 0
12602896 0
12602885 0
12602882 0
12602895 0
12602884 0
12602877 0
12602879 0
12602875 0
12602889 0
12602877 0
12602875 0
12602896 0
12602885 0
12602881 0
12602891 0
12602879 0
12602883 0
12602888 0
12602885 0
12602894 0
12602887 0
12602886 0
12602887 0
12602896 0
12602890 0
12602890 0
12602904 0
12602891 0
12602884 0
12602891 0
12602885 0
12602884 0
12602895 0
12602902 0
12602902 0
12602892 0
12602888 0
12602884 0
12602900 0
12602892 0
12602874 0
12602891 0
12602895 0
12602902 0
12602891 0
12602893 0
12602890 0
12602900 0
12602891 0
12602913 0
12602894 0
12602901 0
12602890 0
12602898 0
12602903 0
12602898 0
12602903 0
12602902 0
12602905 0
12602893 0
12602893 0
12602898 0
12602902 0
12602899 0
12602901 0
12602914 0
12602905 0
12602888 0
12602887 0
12602897 0
12602894 0
12602908 0
12602895 0
12602897 0
12602898 0
12602898 0
12602904 0
12602896 0
12602908 0
12602913 0
12602914 0
12602897 0
12602904 0
12602907 0
12602895 0
12602904 0
