10794495 2006159
10789443 2010866
10770944 2029481
10799558 2001231
10781708 2018784
10790072 2010377
10775380 2024934
10772773 2027618
10753200 2046911
10786355 2014043
10776912 2023491
10790928 2009797
10786516 2013979
10772346 2028154
10792018 2008591
10783944 2016722
10922817 1880720
11070658 1735920
11162662 1645638
11254338 1555785
11355058 1457004
11437394 1376198
11547306 1268074
11630459 1186357
11732006 1086346
11790029 1029110
11867532 952940
11951859 869809
12009350 813151
12076106 747204
12123580 700319
12190260 634647
12234607 590936
12317539 508922
12349242 477452
12374416 452773
12440498 387494
12475846 352569
12520512 308374
12536859 292121
12576194 253192
12606819 222940
12636563 193479
12663262 167045
12701118 129509
12703175 127537
12727486 103443
12742721 88349
12765745 65525
12780510 50879
12788068 43337
12801415 30145
12808818 22807
12812706 18933
12819411 12299
12825053 6694
12827838 3927
12829618 2169
12831286 553
12831826 0
12831818 0
12831849 0
12831823 0
12831836 0
12831833 0
12831845 0
12831833 0
12831849 0
12831840 0
12831853 0
12831839 0
12831828 0
12831829 0
12831836 0
12831852 0
12831830 0
12831857 0
12831851 0
12831872 0
12831849 0
12831839 0
12831835 0
12831851 0
12831878 0
12831846 0
12831842 0
12831848 0
12831858 0
12831845 0
12831867 0
12831848 0
12831853 0
12831866 0
12831870 0
12831864 0
12831867 0
12831864 0
12831867 0
12831862 0
12831860 0
12831853 0
12831890 0
12831867 0
12831868 0
12831890 0
12831857 0
12831885 0
12831873 0
12831881 0
12831869 0
12831885 0
12831889 0
12831896 0
12831877 0
12831878 0
12831874 0
12831875 0
12831865 0
12831879 0
12831862 0
12831904 0
12831882 0
12831888 0
12831898 0
12831877 0
12831899 0
12831878 0
12831900 0
12831902 0
12831883 0
12831903 0
12831903 0
12831885 0
12831874 0
12831875 0
12831894 0
12831916 0
12831897 0
12831908 0
12831910 0
12831919 0
12831914 0
12831913 0
12831925 0
12831916 0
12831904 0
12831892 0
12831925 0
12831902 0
12831906 0
12831905 0
12831917 0
12831916 0
12831905 0
12831902 0
12831907 0
12831894 0
12831913 0
12831912 0
12831941 0
12831901 0
12831910 0
12831918 0
12831927 0
12831898 0
12831927 0
12831919 0
12831917 0
12831912 0
12831919 0
12831922 0
12831914 0
12831932 0
12831914 0
12831931 0
12831935 0
12831930 0
12831921 0
12831939 0
12831932 0
12831955 0
12831943 0
12831948 0
12831935 0
12831956 0
12831942 0
12831937 0
12831921 0
12831935 0
12831945 0
12831945 0
12831927 0
12831909 0
12831938 0
12831936 0
12831934 0
12831922 0
12831947 0
12831940 0
12831939 0
12831950 0
12831966 0
12831936 0
12831941 0
12831940 0
12831950 0
12831942 0
12831965 0
12831955 0
12831963 0
12831947 0
12831963 0
12831957 0
12831951 0
12831967 0
12831938 0
12831963 0
12831954 0
12831935 0
12831959 0
12831952 0
12831954 0
12831960 0
12831983 0
12831963 0
12831990 0
12831991 0
12831960 0
12831965 0
12831980 0
12831979 0
12831989 0
12831977 0
12831975 0
12831973 0
12831975 0
12831974 0
12831962 0
12831967 0
12831957 0
12831965 0
12831969 0
12831974 0
12831970 0
12831960 0
12831978 0
12831985 0
12831989 0
12832003 0
12831971 0
12831974 0
12831988 0
12831978 0
12831970 0
12831975 0
12831982 0
12831975 0
12831979 0
12831975 0
12831984 0
12831999 0
12831987 0
12831982 0
12832006 0
12831986 0
12831984 0
12831974 0
12831975 0
12831997 0
12831988 0
12831986 0
12831975 0
12831975 0
12831988 0
12831999 0
12832008 0
12832000 0
12831982 0
12831985 0
12831999 0
12831993 0
12831990 0
12831999 0
12831986 0
12831994 0
12832007 0
12831991 0
12831979 0
12831997 0
12832000 0
12832005 0
12831996 0
12832001 0
12832000 0
12831996 0
12831998 0
12832004 0
12832007 0
12831989 0
12831988 0
12832013 0
12832015 0
12832020 0
12832010 0
12832019 0
12832001 0
12832001 0
12832014 0
12832005 0
12832013 0
12832013 0
12832013 0
12832020 0
12832011 0
12832014 0
12832010 0
12831999 0
12832003 0
12832006 0
12831994 0
12832002 0
12831995 0
12832015 0
12831995 0
12832001 0
12832010 0
12832011 0
12832021 0
12832016 0
12832000 0
12832020 0
12832017 0
12832005 0
12832009 0
12832016 0
12832005 0
12832007 0
12832005 0
12832025 0
12832015 0
12832012 0
12832014 0
12832027 0
12832010 0
12831999 0
12832007 0
12832012 0
12832009 0
12832007 0
12832005 0
12832002 0
12832016 0
12832010 0
12832015 0
12832013 0
12832019 0
12832009 0
12832009 0
12832025 0
12832025 0
12832027 0
12832020 0
12832027 0
12832017 0
12832031 0
12832021 0
12832018 0
12832024 0
12832035 0
12832029 0
12832028 0
12832020 0
12832023 0
12832016 0
12832024 0
12832026 0
12832025 0
12832034 0
12832037 0
12832019 0
12832038 0
12832036 0
12832032 0
12832031 0
12832032 0
12832021 0
12832029 0
12832028 0
12832043 0
12832039 0
12832038 0
12832043 0
12832029 0
12832024 0
12832045 0
12832032 0
12832037 0
12832027 0
12832029 0
12832036 0
12832031 0
12832035 0
12832024 0
12832059 0
12832025 0
12832027 0
12832031 0
12832038 0
12832042 0
12832034 0
12832035 0
12832028 0
12832045 0
12832034 0
12832039 0
12832045 0
12832031 0
12832029 0
12832046 0
12832048 0
12832039 0
12832036 0
12832044 0
12832029 0
12832032 0
12832039 0
12832052 0
12832035 0
12832031 0
12832040 0
12832044 0
12832038 0
12832029 0
12832039 0
12832045 0
12832042 0
12832035 0
12832052 0
12832037 0
12832032 0
12832042 0
12832030 0
12832056 0
12832042 0
12832043 0
12832045 0
12832043 0
12832038 0
12832051 0
12832039 0
12832034 0
12832052 0
12832042 0
12832034 0
12832048 0
12832045 0
12832039 0
12832043 0
12832047 0
12832042 0
12832050 0
12832039 0
12832046 0
12832043 0
12832047 0
12832049 0
12832051 0
12832044 0
12832036 0
12832053 0
