19400510 3650277
19398303 3652691
19438839 3612563
19426739 3624787
19418869 3632555
19434845 3616791
19422296 3629168
19415587 3635998
19409659 3641389
19416138 3635170
19414625 3636686
19398949 3652475
19438031 3613500
19432185 3619042
19408915 3642276
19452460 3599471
19663640 3390777
19913556 3143651
20083776 2975508
20260612 2800309
20426376 2636545
20560006 2504508
20819669 2246458
20956041 2111684
21092402 1976678
21208211 1861903
21346368 1725075
21465492 1606758
21588367 1484947
21726914 1347407
21785277 1289378
21918519 1157167
22018608 1057955
22108566 968659
22216651 861303
22263117 814823
22365244 713595
22428100 651213
22525756 554151
22545534 534218
22617862 462458
22676790 403885
22737639 343343
22792486 288833
22843676 237981
22849332 232112
22899691 182262
22928856 153215
22968577 113710
22995610 86765
22998546 83847
23024695 57855
23043875 38759
23049234 33427
23061618 21107
23071180 11567
23075438 7318
23076638 6133
23082070 750
23082815 0
23082805 0
23082837 0
23082836 0
23082840 0
23082826 0
23082826 0
23082829 0
23082836 0
23082807 0
23082835 0
23082856 0
23082835 0
23082862 0
23082855 0
23082823 0
23082843 0
23082847 0
23082847 0
23082838 0
23082872 0
23082839 0
23082851 0
23082857 0
23082842 0
23082842 0
23082861 0
23082849 0
23082875 0
23082868 0
23082866 0
23082870 0
23082849 0
23082872 0
23082867 0
23082852 0
23082886 0
23082865 0
23082862 0
23082870 0
23082845 0
23082887 0
23082871 0
23082867 0
23082883 0
23082861 0
23082889 0
23082881 0
23082871 0
23082868 0
23082883 0
23082849 0
23082859 0
23082868 0
23082874 0
23082902 0
23082872 0
23082880 0
23082869 0
23082872 0
23082888 0
