24.20412716453776
23.973183793015004
23.562419076423453
23.255737270361646
22.681427347427352
22.37804964691002
22.22757787057101
21.72238414224943
21.402740842362103
21.1278139735701
20.766259312464648
20.573567469036604
20.18846540567909
20.056458166021283
19.611374750479953
19.472679716069102
19.261231944783
18.913593340814224
18.79879998296194
18.50384296352599
18.284652214505794
17.95363762759505
17.772386854514274
17.472198658940627
17.317421975042485
17.10936073417497
16.917055986319042
16.721744093045125
16.55302266745437
16.444723132256957
16.2410419164079
16.044772380841913
15.820192527459596
15.70581114561458
15.409875170300683
15.29805901990589
15.123157602379205
14.976206129980978
14.822388311365012
14.611896863718348
14.570460612042398
14.35704181054247
14.268949095658735
14.162114099842391
14.016333400764989
13.901408484614446
13.700790332829023
13.54656642385296
13.445205995459219
13.369776894076942
13.182670733909163
13.087516437833001
12.998996059500497
12.866712744113839
12.77101061754653
12.690144355546318
12.534474389723137
12.327048942991095
12.433474887038729
12.207995489394534
12.121496946651078
12.050730173873752
11.885322959375024
11.766606152271834
11.744600523733888
11.673627637332128
11.517080337414535
11.4517773400448
11.407537496688501
11.349956487542263
11.211203768991952
11.196352238398664
11.051613651622793
10.950252728499645
10.86079653434097
10.813485438212965
10.697445251801877
10.659426505417159
10.486534879266536
10.438866239119088
10.409680041204085
10.310179152630798
10.17288514123661
10.141822780811971
10.055285132049017
9.96375535795437
9.944838384929172
9.868775253783115
9.804194772124365
9.806211503528937
9.749879316938994
9.613603172355596
9.54340957216624
9.490978102279778
9.459030376073576
9.332196269794526
9.34090124804502
9.284867286964154
9.193942635812016
9.138627662297258
9.078605998896318
9.061686586464312
8.991496745942664
8.929425633097932
8.908186611054688
8.805679849073396
8.743219134220219
8.713033393565338
8.681172059583888
8.649144260904727
8.609813258485735
8.469097989732987
8.448772841233586
8.443138683315256
8.422434090542993
8.329700584665755
8.334714103421875
8.234996924969618
8.189435480528427
8.117480800390801
8.091902008378602
8.104127787940309
8.030238974087332
7.950044410788032
7.964076194480185
7.914669277687471
7.7968568132950615
7.763215094869498
7.752460446248583
7.710758272778085
7.676208893554076
7.633892264280728
7.615777744688001
7.570495216583083
7.559484903773141
7.485271404259146
7.4259382395970075
7.378507200479794
7.3713201388459675
7.329912708467891
7.251519053465454
7.267105288915687
7.175903517288707
7.187575380976209
7.105103478947858
7.118657819939413
7.043530828428061
7.049317458812244
7.013001342459643
6.942831898167492
6.961118396373104
6.8364085412193845
6.8641546000608855
6.824790766055548
6.797088627264738
6.797515030339935
6.752313159775838
6.7214432603079235
6.675448547994233
6.670520080449587
6.64180423121413
6.5814842125751785
6.5587112607358335
6.471373910865164
6.497661145251646
6.476804231804771
6.449226581796429
6.3888047160184165
6.394368800585535
6.341059978903659
6.3588954678641585
6.3554881296016905
6.315872186972055
6.24338120016912
6.224688484183243
6.253335617121743
6.182580121932924
6.155049487367
6.125784493089213
6.0543523752412245
6.076609452893786
6.049953497349879
6.049635687861826
6.026825858678485
5.966580166880597
5.927026140420958
5.925522842335431
5.87811085445599
5.893605542067672
5.855936661731039
5.865454143659894
5.768399554385728
5.806747439241949
5.765759810124564
5.72045744411208
5.680838632856912
5.662739850664844
5.667488040340791
5.655212928899811
5.618249333418152
5.600249062648804
5.568387160427369
5.557910570697581
5.531287206831139
5.545319309287729
5.455800788862769
5.488865847662737
5.471714356604917
5.443671214489098
5.41142461963833
5.446110884325508
5.39115900323427
5.3544780250489925
5.339166562252922
5.278922198713826
5.303663101784341
5.239492515699862
5.297160994763805
5.22428845143938
5.286190817108142
5.236712969294758
5.18348126879655
5.179634760818534
5.1605935524251025
5.153608132056865
5.0702531475198604
5.123671041994271
5.110933295269213
5.088953912195338
5.08225086490821
5.027995617786219
5.031091005602789
4.97625442453078
4.962227007870495
4.963085767943696
4.9589220106361696
4.935719349160536
4.913955677911417
4.9185009205631465
4.885252068503959
4.8944980582659445
4.864172983590708
4.852002752169892
4.854468074684991
4.779460989023894
4.804058513802906
4.7859755243941935
4.7581131061053545
4.729354165229954
4.716179151830056
4.721011426017465
4.71476408696379
4.67174155655707
4.631968067875373
4.677745894551572
4.629301671559306
4.666776666038333
4.632801857856348
4.622458715592302
4.581836637048596
4.5649818918270215
4.590726199781147
4.5523188616713925
4.5498704154075496
4.4833565240448845
4.505205785001772
4.481448632352885
4.434973219415297
4.4613597825897156
4.379426159998557
4.425349033003138
4.422452755063723
4.357714090016925
4.384484771682228
4.354598620022054
4.358145264980157
4.325971752867884
4.340131581323977
4.302338535297103
4.312201588840342
4.298832096791757
4.271385659540238
4.225828781752
4.249072382001677
4.210192109006446
4.214645659106845
4.190452860276073
4.210632588080016
4.184638412450738
4.155248986956731
4.154491915484268
4.1560183010139555
4.156445786198503
4.134257879766083
4.112988604358861
4.105141116862269
4.083861331306116
4.1003937029832285
4.053924251378362
4.034044381100284
4.044016795066191
4.026490156878012
4.052190244540825
4.008640883070225
4.026600780395804
4.000310742185302
3.996095177093839
3.978094050362074
3.986510321266587
3.9446624790365763
3.9466470181436306
3.9575049949721235
3.9520546210221257
3.907367498844692
3.8947773456449295
3.8904033440708714
3.882733201105111
3.853565990178195
3.884382954701523
3.850109684249764
3.84326085706856
3.8351606151105897
3.8220949043046177
3.8094416342906787
3.8080392860615646
3.7945062085265593
3.7982542329013995
3.77167220665232
3.7709444362133855
3.762169271432149
3.7235242033506983
3.7459051369247756
3.759398831202998
3.740820572605921
3.7078033764038127
3.71479566210377
3.729629988516997
3.6852287706779636
3.6873162141992086
3.6773812787400377
3.6759179709259207
3.6479211303279864
3.641951987453981
3.659743126326921
3.6241878311192974
3.6200542825839057
3.6017113721484066
3.6043401603370695
3.580270413474791
3.5814044530531097
3.588804601777179
3.574238604802572
3.5313309888407116
3.536898647556045
3.522505293277163
3.534064009645017
3.484502160045531
3.5047162717119136
3.501586001923306
3.4924849708888472
3.4907694307687755
3.4705623204848326
3.484443425226746
3.444109565888398
3.4633596145018304
3.4325119138450875
3.4343651231700734
3.441095404375028
3.382744581085194
3.3848286819695548
3.3972204073285477
3.3987086519435366
3.3766448233050417
3.36999249486581
3.3198605166018114
3.341705226335239
3.3123837838194414
3.3398812249745333
3.3172949307913426
3.298268631893584
3.3053898697573456
3.303949089527209
3.3087987907545995
3.277584600581158
3.283129731467716
3.2482120998918527
3.2583764229569443
3.268441588306575
3.2460628688349518
3.2281661892024727
3.227246335199841
3.211659621056774
3.238567691781257
3.219650719851052
3.210182030764581
3.2181846387710995
3.181257342406516
3.199042517124876
3.1820577940494696
3.1725716817576677
3.1458171490346785
3.173633149478092
3.1412724907844405
3.1463873796565442
3.131351091571785
3.141568744911565
3.1460953130207394
3.1242199301604434
3.106168641829058
3.1174392606868926
3.1093708848156667
3.1026154368700283
3.0966469963744476
3.0978690052932327
3.0974671775153277
3.0735119525521464
3.05143411230908
3.0538217538550727
3.0700001550251614
3.037233641331495
3.051193107299696
3.0366099270832594
3.0289845210880255
3.029251251996766
3.0222459694731127
3.0081742704295085
2.989330530732748
2.9878778705040077
2.9982637900223836
2.99701862377588
2.995009117317454
2.980284699812339
2.9681391489887665
2.963449535411246
2.960109243300253
2.953358503562079
2.964120751737287
2.9514398417346457
2.9355982329189487
2.9257019257813455
