0.0
0.0
49.078761803667405
37.854694287243916
28.334305330544048
22.779438560686486
22.616274348797525
16.028434199825483
14.026164320389004
12.495362802107683
12.544039569400748
12.544039569400748
12.544039569400748
12.564183401690912
12.534116341519649
7.832526328452177
6.96309388161614
6.5855447965825915
6.711323718839976
6.711323718839976
5.799983165552396
5.670772375917805
5.213770029277782
5.204153621147122
4.747053147893521
4.747053147893521
4.510337678871472
4.142287778397375
4.05418439254302
4.05418439254302
3.893347453620861
3.551699528216452
3.57514039886457
3.478668159768585
3.478668159768585
3.478668159768585
3.478668159768585
3.0039606920111215
2.9405214215965545
2.9405214215965545
2.9405214215965545
2.808564736843196
2.808564736843196
2.808564736843196
2.808564736843196
2.808564736843196
2.808564736843196
2.3220550949549814
2.3220550949549814
2.3220550949549814
2.3220550949549814
2.3220550949549814
2.3220550949549814
2.3220550949549814
2.3220550949549814
2.3220550949549814
2.294528265507537
2.294528265507537
2.294528265507537
1.8077377376045527
1.8077377376045527
1.8077377376045527
1.8077377376045527
1.8077377376045527
1.7247306814514394
1.7247306814514394
1.7247306814514394
1.7247306814514394
1.7247306814514394
1.7247306814514394
1.7247306814514394
1.6791605546104162
1.6791605546104162
1.6791605546104162
1.6791605546104162
1.6791605546104162
1.6791605546104162
1.6791605546104162
1.5442847595997982
1.5442847595997982
1.5442847595997982
1.5442847595997982
1.5442847595997982
1.5442847595997982
1.5442847595997982
1.4772436452571247
1.4772436452571247
1.4772436452571247
1.4772436452571247
1.4772436452571247
1.255713212710912
1.255713212710912
1.255713212710912
1.255713212710912
1.255713212710912
1.255713212710912
1.236326465460931
1.4508277175847568
1.4508277175847568
1.4508277175847568
