31967 30585
32310 30802
32253 30734
32236 30891
32209 30577
32386 30853
32320 30640
32150 30581
32301 30771
31989 30499
32421 31011
32414 31093
32132 30749
32403 30913
32101 30631
32269 30768
32214 30746
32062 30664
31393 30091
29225 27926
26035 24831
23726 22546
22031 20873
20636 19475
18403 17217
17009 15933
15360 14241
13788 12759
13116 11957
11543 10438
10725 9668
9597 8490
8737 7667
8018 6983
7247 6175
6690 5568
5829 4736
5341 4180
4971 3827
4379 3322
3693 2642
3503 2418
3150 1979
2731 1637
2645 1549
2217 1187
2043 975
1793 770
1704 564
1574 506
1453 348
1496 273
1259 179
1211 129
1259 105
1155 42
1070 40
1151 8
1043 0
981 0
983 0
1134 0
945 0
927 0
1016 0
1079 0
1002 0
1163 0
917 0
1021 0
992 0
939 0
893 0
970 0
1054 0
1038 0
997 0
995 0
904 0
979 0
1022 0
1069 0
1093 0
971 0
938 0
896 0
979 0
939 0
1012 0
1044 0
922 0
1079 0
955 0
946 0
985 0
988 0
899 0
975 0
998 0
904 0
982 0
1031 0
1009 0
977 0
998 0
966 0
964 0
947 0
821 0
996 0
969 0
892 0
987 0
1034 0
1009 0
971 0
995 0
948 0
949 0
958 0
1094 0
998 0
920 0
974 0
868 0
1016 0
946 0
875 0
867 0
956 0
899 0
981 0
919 0
919 0
898 0
866 0
901 0
886 0
811 0
839 0
891 0
861 0
841 0
838 0
917 0
909 0
870 0
846 0
905 0
874 0
860 0
925 0
840 0
947 0
1013 0
867 0
902 0
935 0
839 0
808 0
995 0
981 0
860 0
950 0
881 0
823 0
847 0
903 0
833 0
900 0
966 0
867 0
878 0
972 0
825 0
824 0
851 0
796 0
867 0
930 0
769 0
757 0
845 0
927 0
902 0
937 0
820 0
861 0
826 0
748 0
917 0
782 0
745 0
814 0
839 0
848 0
825 0
847 0
880 0
898 0
881 0
944 0
826 0
812 0
858 0
798 0
703 0
859 0
873 0
929 0
795 0
783 0
776 0
734 0
786 0
808 0
803 0
758 0
819 0
935 0
805 0
851 0
776 0
744 0
807 0
839 0
883 0
800 0
748 0
748 0
772 0
807 0
756 0
732 0
741 0
753 0
783 0
740 0
819 0
794 0
878 0
822 0
867 0
792 0
752 0
739 0
800 0
789 0
774 0
725 0
852 0
777 0
822 0
761 0
845 0
804 0
746 0
755 0
750 0
789 0
863 0
763 0
720 0
812 0
837 0
746 0
799 0
666 0
693 0
710 0
739 0
776 0
853 0
822 0
709 0
737 0
713 0
684 0
746 0
656 0
716 0
694 0
712 0
864 0
681 0
845 0
774 0
708 0
719 0
709 0
782 0
666 0
717 0
807 0
770 0
818 0
808 0
739 0
798 0
685 0
673 0
716 0
688 0
760 0
707 0
738 0
755 0
797 0
804 0
668 0
766 0
706 0
836 0
647 0
813 0
683 0
714 0
839 0
689 0
753 0
759 0
758 0
762 0
731 0
789 0
727 0
854 0
766 0
708 0
678 0
685 0
807 0
724 0
812 0
676 0
674 0
691 0
761 0
783 0
719 0
705 0
671 0
629 0
685 0
677 0
661 0
757 0
661 0
642 0
653 0
648 0
612 0
646 0
630 0
737 0
735 0
727 0
586 0
762 0
730 0
651 0
657 0
664 0
701 0
647 0
606 0
661 0
768 0
659 0
738 0
598 0
723 0
682 0
677 0
687 0
624 0
592 0
668 0
724 0
682 0
675 0
717 0
649 0
628 0
628 0
636 0
698 0
679 0
633 0
670 0
644 0
746 0
698 0
580 0
717 0
708 0
693 0
646 0
745 0
614 0
599 0
685 0
669 0
651 0
686 0
653 0
624 0
614 0
736 0
750 0
644 0
725 0
564 0
626 0
570 0
656 0
678 0
635 0
593 0
605 0
578 0
609 0
649 0
644 0
624 0
628 0
591 0
576 0
628 0
540 0
624 0
557 0
612 0
622 0
625 0
575 0
620 0
582 0
546 0
545 0
586 0
588 0
613 0
569 0
583 0
583 0
520 0
556 0
559 0
542 0
555 0
546 0
578 0
607 0
566 0
540 0
573 0
573 0
537 0
550 0
587 0
571 0
549 0
516 0
551 0
525 0
594 0
536 0
508 0
526 0
