26.809043477833075
26.339241524326752
25.93400681118108
25.46731630333609
25.273841944235144
24.751566554969592
24.38497050955305
24.102258607763407
23.949549731150867
23.398738408137895
22.899160002083523
22.640258160303784
22.32443880300686
22.19507805969571
21.91965006927975
21.539655955919127
21.16146302844052
20.601698081985138
20.615276339484694
20.344433174132973
20.11736753920609
19.88680378039112
19.53293467182848
19.373765750982557
19.242156680533576
18.779799085309993
18.661331297316707
18.40817401445233
18.205305486028987
17.979816024314765
17.859389209757197
17.52476631148877
17.37935156065702
17.138113758686917
17.031426201497464
16.83156583369246
16.794608766793562
16.550206495283117
16.40416128173688
16.141511030764352
16.05017214285772
15.916255452908258
15.85243374585284
15.621151901939106
15.424173099232622
15.300757109031284
15.148893170244037
14.935626064733878
14.91986858018356
14.736207756870531
14.469848157482238
14.511012840492146
14.265330078323277
14.141209265202017
13.91553728803523
13.977270048432466
13.809057766298942
13.685973740535792
13.46982726379233
13.537327299970375
13.366106940797199
13.349433062556454
13.2151735463532
13.094514607475253
12.878833357306325
12.931714152763652
12.823581345148053
12.710080388398577
12.532292064409413
12.414823131668964
12.428780562166953
12.145862716204075
11.977629970556032
12.177967744501967
12.023035354029812
11.93067400952026
11.955714928424314
11.761005980355556
11.535244970880225
11.584641279009634
11.42286981934073
11.31888960383353
11.407589036751343
11.265611935179336
11.17088561306906
11.091273412540813
11.079805839186966
10.915844720456262
10.806860112558889
10.798097968004623
10.721227049497347
10.68293508088318
10.547011478459805
10.633776072303203
10.517129705084002
10.333273228667776
10.342868213894599
10.281223180884863
10.260060559734846
10.030220199065662
10.034356638417034
10.06136369966745
9.82952793009434
9.896574994507722
9.84033786198479
9.707285914213603
9.640375109225218
9.65396955949186
9.592326868783893
9.503121521510847
9.464295939799259
9.339555147189753
9.312110433978514
9.251710103740498
9.283070318715918
9.20818891313068
9.082281342226397
8.97060850050201
8.965870797879091
9.01920390516587
8.964513791424938
8.88866086025141
8.711137712583309
8.797270455564604
8.67085708954798
8.675613874772726
8.57804136366175
8.642045328511411
8.61786011873639
8.459191018018338
8.402241452078695
8.508897608718621
8.378841203453703
8.288899919507607
8.324178783080724
8.189588286018925
8.200748668523904
8.150066134486973
8.182487919460964
8.046611644833735
8.048782617603976
7.917236881745123
8.002113207089215
7.921090522064308
7.857097219897741
7.839231320171656
7.768515951243726
7.761989286106391
7.690650656993175
7.715686816574146
7.5915113757933455
7.579299684215544
7.649689773311956
7.571452575192188
7.478103962167795
7.533617980798238
7.438908944225273
7.498348247805298
7.448013003732262
7.394818394023205
7.396364455253422
7.304960711745723
7.249834152080234
7.1737052753640045
7.117003342362841
7.213772930649265
7.146869578183623
7.021072616003857
7.012343417450902
6.9305733703606665
7.01850299407376
6.876898717229519
6.922048781070357
6.935023961656011
6.929445679762084
6.854542799349247
6.879289569545777
6.754604026232073
6.681231078286398
6.686167888336158
6.701124536400386
6.608455774491119
6.691634462840657
6.525519515491169
6.664775371799419
6.547712215054708
6.5281468970422605
6.524822520111693
6.492702613867141
6.45031877859401
6.502622157850938
6.417279440954437
6.364998757780427
6.333665025605705
6.358293439114172
6.302006111421289
6.238026349177749
6.253670576738839
6.189496064472324
6.164653967121376
6.1308593976960175
6.153877292675679
6.092481278518472
6.0708915871699904
6.063993432432828
6.127018218430931
6.040092292364694
6.057465384066245
5.985238512696869
5.981076401098953
5.949433970511159
5.979783831418072
5.898434974919949
5.897046705312627
5.835466126561391
5.871840203780907
5.828083916212209
5.826647634645335
5.705754199287676
5.786364034172589
5.737994513409708
5.764464785669558
5.681585830407821
5.667882647651368
5.6014958600037055
5.674154659567239
5.605285782114261
5.576218131045069
5.624089670161727
5.5251050928760925
5.53941920812287
5.524898687541577
5.496597422607485
5.469257463503791
5.413816693078584
5.4672388526934945
5.511143385587683
5.394659806641439
5.369097430439323
5.432746773554938
5.442396034034873
5.350647980589256
5.3175708170829035
5.291888803419241
5.298591668984068
5.303558756054477
5.2484192525048154
5.209300770211016
5.212190082704565
5.168453120097492
5.1086366879927025
5.191761737173719
5.164517906243393
5.158242624821542
5.1476473183123215
5.080122177243681
5.045903333274174
5.062208884606116
5.097045419564493
5.066954819851289
5.01820313905645
5.02562164555422
4.987471346872362
4.960830785099175
4.999981898491785
4.922989661599804
4.927417108603049
4.890803476590854
4.876068888900226
4.9221515488827325
4.859282122521654
4.854738712613653
4.861371730640644
4.81768431124749
4.788910064708544
4.776637769583103
4.76039187818945
4.764727131752734
4.732851584021272
4.7815488289235715
4.6676360709980305
4.752197862832858
4.671041847161463
4.677667449951304
4.6584114928270015
4.669251001129464
4.686392876512691
4.625788560400283
4.631578251807223
4.571906647415296
4.603499026771283
4.6282414722286145
4.57165606031981
4.591164642759439
4.514242848344136
4.530404374909076
4.530876927844638
4.531142209513405
4.4801122866735295
4.493962735235791
4.474691519832213
4.473380476184007
4.474062358090782
4.427663441412911
4.4015768285440595
4.418061967770554
4.4188065615368775
4.409696981122933
4.37282964319704
4.34475370231311
4.308975130196041
4.3638752495213815
4.336836593306973
4.263938548249211
4.340789512253204
4.270551727495516
4.306381395428589
4.272940747585363
4.247407108993139
4.236818311281363
4.261922162611813
4.225727186618124
4.240986841567474
4.186495685530554
4.2152652745119665
4.171408469040783
4.173907112756194
4.171854358284472
4.110526629064543
4.087390316044321
4.13991383396351
4.098041653362355
4.116426526170562
4.113477006352946
4.096178135277505
4.068469613489449
4.1168686855453025
4.104801858847331
4.077473163882377
4.0619685082303825
4.053431726885219
4.020985683814729
4.025904186777234
3.96844265374244
3.981059921846418
3.9955672095611816
3.993115681332581
4.015519204282864
3.9911207284077133
3.8701629574884735
3.929445292094972
3.953045203388399
3.899391983508406
3.887190410369385
3.902200123133923
3.9269230147390317
3.8706332782261597
3.8413641398023515
3.8993817373919453
3.812835749258368
3.81953336538563
3.8395579742010817
3.8199233988617176
3.8447317306431317
3.8031248631156815
3.764446131843606
3.764122569944093
3.7057218490707124
3.781178198520115
3.7386017327764876
3.742275884877956
3.7062414712657006
3.6572157923785085
3.7178144385638463
3.7046584610275204
3.6817938545160382
3.6873569016883128
3.6837681425596385
3.664648306309591
3.6739699836482487
3.6649211638867203
3.6531734453367446
3.6174729528591296
3.602772985081374
3.647984808891081
3.631424840695331
3.602029961468707
3.6021836716386337
3.5869374487019194
3.549177336348521
3.594357533304626
3.550819923780673
3.591182857505537
3.5318381379206265
3.5469247223412026
3.5251040845517876
3.5008512861485905
3.519673780928124
3.517652734113899
3.5239942899263133
3.4839909051830955
3.474687447753636
3.4782800685950677
3.4832333207837474
3.40977683393206
3.4419458671911185
3.43319650160355
3.4644359049450215
3.443886354823203
3.4389624827757417
3.4047021022506465
3.3841754837984355
3.3918384278955998
3.3834777264980405
3.4138279466828476
3.369887004522541
3.354246396081753
3.3603550260961654
3.3738216286483316
3.35289368804456
3.3679866534325584
3.3483093322880495
3.345509355636914
3.342519991680001
3.3385781850078318
3.308026868291399
3.3115299911554756
3.3073411077169275
3.3073254213318206
3.292064412355785
3.2928154303686554
3.2732831224207755
3.2530256905584882
3.256103095385979
3.265179423806244
3.239956989713255
3.2529464760494258
3.2386678085047698
3.2330059830332516
3.232939528574202
