4945523 1069609
4943648 1071506
4934764 1080189
4938366 1076708
4938383 1076513
4934706 1080311
4945003 1070128
4943758 1071529
4947969 1067133
4946461 1068727
4950373 1064935
4939553 1075430
4943487 1071478
4950932 1064564
4946639 1068562
4947373 1067843
4938615 1076453
4946390 1068870
4967725 1048644
5011006 1007022
5093475 927845
5166574 857097
5204176 821247
5242156 784383
5322396 706685
5362570 667877
5418232 613942
5470593 563236
5498998 535744
5545475 490622
5570697 466238
5610972 427106
5654697 384449
5688854 351230
5717132 323686
5744417 297056
5779248 263137
5800189 242607
5823296 220061
5841713 202047
5876307 168273
5886073 158668
5910893 134404
5932407 113319
5942058 103820
5954431 91768
5974040 72534
5985836 60975
5997598 49432
6004808 42327
6013918 33386
6021084 26350
6027397 20203
6034062 13613
6034903 12756
6040768 7036
6041685 6125
6043711 4155
6045496 2360
6047800 130
6047927 0
6047941 0
6047946 0
6047937 0
6047948 0
6047930 0
6047938 0
6047949 0
6047933 0
6047951 0
6047948 0
6047949 0
6047923 0
6047948 0
6047935 0
6047939 0
6047948 0
6047973 0
6047955 0
6047940 0
6047945 0
6047946 0
6047977 0
6047957 0
6047941 0
6047958 0
6047965 0
6047971 0
6047951 0
6047952 0
6047983 0
6047954 0
6047973 0
6047970 0
6047970 0
6047983 0
6047949 0
6047967 0
6047980 0
6047973 0
6047983 0
6047988 0
6047984 0
6047983 0
6047975 0
6047976 0
6047977 0
6047985 0
6047970 0
6048005 0
6047963 0
6047988 0
6047983 0
6047975 0
6047962 0
6047992 0
6047977 0
6047990 0
6047992 0
6047976 0
6047996 0
6047996 0
6047998 0
6047978 0
6047993 0
6048008 0
6047993 0
6048007 0
6047997 0
6047973 0
6048002 0
6047993 0
6047993 0
6048000 0
6048009 0
6048001 0
6047986 0
6048000 0
6048005 0
6048005 0
6047993 0
6048007 0
6048003 0
6048012 0
6048022 0
6047989 0
6047996 0
6048014 0
6048014 0
6047987 0
6047997 0
6047994 0
6048016 0
6048021 0
6048008 0
6048017 0
6048022 0
6048018 0
6048010 0
6048016 0
6048016 0
6048009 0
6048025 0
6048017 0
6048026 0
6048008 0
6048039 0
6048021 0
6048008 0
6048013 0
6048032 0
6048014 0
6048025 0
6048010 0
6048027 0
6048032 0
6048032 0
6048032 0
6048018 0
6048019 0
6048012 0
6048039 0
6048044 0
6048016 0
6048031 0
6048050 0
6048025 0
6048035 0
6048033 0
6048046 0
6048044 0
6048020 0
6048009 0
6048047 0
6048029 0
6048021 0
6048024 0
6048039 0
6048041 0
6048038 0
6048017 0
6048026 0
6048033 0
6048032 0
6048047 0
6048044 0
6048029 0
6048028 0
6048044 0
6048038 0
6048043 0
6048040 0
6048019 0
6048041 0
6048042 0
6048049 0
6048044 0
6048033 0
6048042 0
6048025 0
6048038 0
6048057 0
6048039 0
6048036 0
6048046 0
6048042 0
6048053 0
6048040 0
6048059 0
6048034 0
6048043 0
6048054 0
6048047 0
6048042 0
6048057 0
6048051 0
6048047 0
6048060 0
6048042 0
6048046 0
6048059 0
6048055 0
6048052 0
6048048 0
6048051 0
6048062 0
6048060 0
6048064 0
6048042 0
6048060 0
6048071 0
6048050 0
6048080 0
6048067 0
6048058 0
6048067 0
6048049 0
6048072 0
6048058 0
6048051 0
6048060 0
6048075 0
6048062 0
6048057 0
6048067 0
6048041 0
6048050 0
6048077 0
6048052 0
6048031 0
6048070 0
6048056 0
6048068 0
6048074 0
6048079 0
6048073 0
6048055 0
6048070 0
6048064 0
6048080 0
6048058 0
6048054 0
6048068 0
6048073 0
6048050 0
6048062 0
6048043 0
6048051 0
6048060 0
6048091 0
6048088 0
6048071 0
6048045 0
6048056 0
6048064 0
6048077 0
6048096 0
6048093 0
6048070 0
6048068 0
6048083 0
6048087 0
6048073 0
6048074 0
6048086 0
6048064 0
6048084 0
6048067 0
6048086 0
6048084 0
6048088 0
6048061 0
6048080 0
6048093 0
6048082 0
6048071 0
6048078 0
6048080 0
6048082 0
6048081 0
6048097 0
6048101 0
6048082 0
6048086 0
6048083 0
6048077 0
6048070 0
6048076 0
6048087 0
6048075 0
6048076 0
6048074 0
6048082 0
6048081 0
6048077 0
6048088 0
6048086 0
6048091 0
6048055 0
6048110 0
6048057 0
6048096 0
6048055 0
6048088 0
6048097 0
6048082 0
6048071 0
6048105 0
6048081 0
6048095 0
6048078 0
6048079 0
6048089 0
6048086 0
6048099 0
6048103 0
6048078 0
6048085 0
6048082 0
6048085 0
6048111 0
6048096 0
6048096 0
6048095 0
6048095 0
6048119 0
6048081 0
6048098 0
6048085 0
6048117 0
6048098 0
6048096 0
6048083 0
6048107 0
6048087 0
6048118 0
6048103 0
6048088 0
6048098 0
6048089 0
6048094 0
6048098 0
6048096 0
6048119 0
6048114 0
6048101 0
6048109 0
6048111 0
6048104 0
6048103 0
6048092 0
6048103 0
6048102 0
6048102 0
6048099 0
6048097 0
6048101 0
6048100 0
6048104 0
6048096 0
6048097 0
6048096 0
6048100 0
6048098 0
6048117 0
6048100 0
6048106 0
6048074 0
6048107 0
6048120 0
6048098 0
6048113 0
6048086 0
6048098 0
6048128 0
6048103 0
6048113 0
6048116 0
6048090 0
6048104 0
6048092 0
6048103 0
6048116 0
6048116 0
6048113 0
6048122 0
6048130 0
6048112 0
6048117 0
6048110 0
6048095 0
6048115 0
6048095 0
6048104 0
6048096 0
6048125 0
6048122 0
6048111 0
6048114 0
6048124 0
6048106 0
6048107 0
6048108 0
6048116 0
6048132 0
6048127 0
6048101 0
6048114 0
6048102 0
6048118 0
6048106 0
6048128 0
6048136 0
6048117 0
6048118 0
6048109 0
6048118 0
6048116 0
6048105 0
6048119 0
6048107 0
6048135 0
6048121 0
6048134 0
6048113 0
6048117 0
6048135 0
6048151 0
6048142 0
6048116 0
