40956 38941
40676 38558
40423 38409
40647 38785
40553 38529
40519 38560
40594 38676
40511 38597
40618 38579
40730 38719
40707 38676
40578 38683
40525 38548
40567 38575
40786 38767
40481 38699
40127 38325
40298 38572
39680 37792
37045 35207
33331 31759
30650 29249
28618 27250
26677 25449
23922 22670
22509 21303
20653 19428
18707 17588
17645 16444
15905 14915
14932 13835
13571 12443
12417 11284
11381 10316
10371 9333
9807 8612
8568 7441
8187 6892
7603 6398
6846 5757
6024 4848
5765 4543
5000 3845
4449 3302
4248 3081
3954 2887
3475 2289
3179 2006
2848 1673
2646 1524
2285 1193
2127 996
1874 796
1909 667
1721 622
1555 380
1504 400
1417 268
1325 199
1258 105
1114 86
1059 43
1043 22
1067 14
1027 0
1067 0
939 0
1065 0
1040 0
937 0
1002 0
1120 0
1013 0
1099 0
1004 0
955 0
1060 0
964 0
1006 0
958 0
944 0
1091 0
960 0
1039 0
992 0
1021 0
1125 0
952 0
1043 0
1031 0
1052 0
961 0
1106 0
866 0
995 0
941 0
1083 0
916 0
988 0
1013 0
957 0
979 0
1036 0
927 0
997 0
956 0
1144 0
1074 0
949 0
1021 0
989 0
1088 0
1028 0
950 0
954 0
1016 0
1022 0
1003 0
893 0
958 0
989 0
1070 0
932 0
936 0
882 0
1036 0
994 0
950 0
978 0
928 0
870 0
1009 0
959 0
942 0
954 0
886 0
1065 0
967 0
937 0
970 0
917 0
1062 0
990 0
869 0
1091 0
905 0
967 0
854 0
916 0
1021 0
1015 0
815 0
953 0
860 0
860 0
864 0
853 0
938 0
903 0
1067 0
971 0
815 0
968 0
880 0
847 0
896 0
840 0
966 0
906 0
946 0
899 0
851 0
830 0
941 0
879 0
814 0
858 0
952 0
823 0
942 0
893 0
823 0
788 0
921 0
827 0
887 0
823 0
841 0
989 0
918 0
764 0
877 0
869 0
778 0
812 0
900 0
864 0
836 0
844 0
798 0
881 0
861 0
865 0
1010 0
996 0
806 0
839 0
992 0
942 0
805 0
837 0
901 0
797 0
826 0
976 0
823 0
802 0
807 0
938 0
790 0
779 0
814 0
809 0
738 0
762 0
802 0
730 0
806 0
822 0
760 0
794 0
745 0
992 0
816 0
763 0
859 0
916 0
832 0
774 0
860 0
809 0
794 0
890 0
775 0
814 0
842 0
898 0
755 0
820 0
763 0
762 0
784 0
761 0
800 0
820 0
833 0
776 0
717 0
761 0
743 0
795 0
766 0
831 0
712 0
882 0
773 0
766 0
691 0
794 0
788 0
810 0
746 0
948 0
869 0
763 0
770 0
758 0
754 0
815 0
921 0
829 0
717 0
810 0
778 0
768 0
839 0
975 0
691 0
876 0
945 0
838 0
747 0
705 0
877 0
793 0
791 0
732 0
845 0
811 0
931 0
806 0
763 0
747 0
811 0
872 0
691 0
896 0
845 0
780 0
789 0
847 0
696 0
673 0
767 0
684 0
687 0
763 0
740 0
754 0
742 0
835 0
772 0
749 0
778 0
770 0
712 0
766 0
617 0
738 0
689 0
742 0
785 0
759 0
836 0
802 0
803 0
669 0
691 0
914 0
702 0
808 0
676 0
744 0
783 0
739 0
687 0
689 0
680 0
734 0
768 0
777 0
793 0
722 0
745 0
808 0
786 0
707 0
750 0
710 0
696 0
739 0
646 0
769 0
637 0
717 0
631 0
679 0
670 0
702 0
715 0
711 0
716 0
764 0
665 0
657 0
642 0
684 0
645 0
605 0
736 0
679 0
638 0
714 0
794 0
686 0
652 0
744 0
754 0
716 0
694 0
677 0
739 0
719 0
710 0
659 0
704 0
689 0
762 0
735 0
662 0
639 0
614 0
724 0
832 0
747 0
662 0
719 0
827 0
672 0
648 0
683 0
740 0
630 0
607 0
671 0
662 0
643 0
568 0
646 0
607 0
619 0
646 0
634 0
665 0
688 0
539 0
597 0
578 0
584 0
588 0
628 0
668 0
633 0
595 0
590 0
627 0
630 0
630 0
608 0
598 0
586 0
650 0
608 0
612 0
620 0
614 0
602 0
621 0
588 0
573 0
643 0
600 0
582 0
662 0
561 0
605 0
619 0
589 0
571 0
641 0
551 0
591 0
615 0
645 0
579 0
579 0
546 0
575 0
594 0
596 0
