21111165 5190686
21122530 5179114
21147003 5154891
21115738 5186573
21143619 5158799
21162274 5139743
21126922 5175640
21116589 5185609
21111883 5190119
21182329 5120411
21135929 5166471
21078765 5222920
21155837 5145962
21137970 5164085
21129890 5172343
21135553 5166377
21139885 5162590
21133550 5168840
21192825 5109995
21430071 4875127
21798237 4510426
22048528 4262871
22263558 4049578
22477124 3838038
22777711 3539682
22966458 3352926
23197812 3123476
23404149 2918720
23524484 2799382
23797909 2527893
23912456 2414274
24098068 2229702
24291862 2036888
24407775 1922129
24564092 1766643
24716943 1615168
24861418 1471501
24948934 1384441
25066569 1267713
25161093 1173582
25336125 999588
25389406 946582
25490063 846544
25598081 739050
25651152 685932
25701406 636189
25822988 515247
25866600 471779
25941545 397278
25978564 360411
26049032 290191
26072979 266301
26131553 208095
26182386 157495
26195813 144130
26232816 107271
26244345 95804
26264048 76164
26289622 50515
26308874 31518
26322360 18066
26327251 13214
26334586 5881
26334876 5620
26340216 288
26340531 0
26340551 0
26340544 0
26340536 0
26340558 0
26340545 0
26340545 0
26340566 0
26340551 0
26340550 0
26340554 0
26340539 0
26340524 0
26340554 0
26340539 0
26340528 0
26340544 0
26340544 0
26340547 0
26340544 0
26340563 0
26340554 0
26340561 0
26340572 0
26340571 0
26340552 0
26340591 0
26340574 0
26340580 0
26340581 0
26340552 0
26340587 0
26340570 0
26340569 0
26340551 0
26340556 0
26340590 0
26340563 0
26340590 0
26340587 0
26340569 0
26340598 0
26340537 0
26340561 0
26340595 0
26340573 0
26340570 0
26340587 0
26340574 0
26340579 0
26340586 0
26340565 0
26340593 0
26340605 0
26340584 0
