42113 40048
41827 39782
42062 39968
41954 39957
41945 40001
41980 39828
42150 40064
42005 39980
41910 39797
42180 40010
42018 39983
41952 39741
42176 40205
42023 39975
42183 40268
41752 39806
42137 40225
42177 40156
40806 38927
38181 36445
34538 33036
31900 30311
29605 28218
27818 26495
24883 23661
23387 22199
21369 20163
19519 18365
18490 17310
16670 15503
15739 14619
14258 13050
12608 11561
12059 10942
10852 9803
10074 8925
9092 8053
8413 7403
7740 6697
7337 6244
6350 5197
6116 4925
5383 4271
4946 3638
4600 3523
4122 3084
3692 2530
3406 2326
2900 1904
2900 1807
2527 1396
2377 1220
2184 889
1880 785
1819 732
1632 569
1602 497
1391 352
1425 260
1262 151
1189 99
1262 92
1075 49
1121 41
1053 8
1174 2
998 0
1034 0
1065 0
1059 0
1016 0
1100 0
1162 0
1016 0
1077 0
993 0
1045 0
1027 0
1100 0
1054 0
1014 0
1007 0
984 0
1008 0
1045 0
1002 0
992 0
941 0
1015 0
1107 0
1014 0
1032 0
959 0
1049 0
986 0
1124 0
1018 0
970 0
965 0
1087 0
1044 0
1040 0
1054 0
890 0
960 0
1005 0
940 0
1033 0
902 0
959 0
1031 0
1003 0
1044 0
1051 0
994 0
937 0
983 0
1060 0
1032 0
1041 0
905 0
1030 0
996 0
971 0
1048 0
1087 0
941 0
919 0
1005 0
977 0
935 0
939 0
971 0
944 0
865 0
966 0
897 0
1023 0
860 0
925 0
937 0
929 0
804 0
900 0
1000 0
819 0
892 0
901 0
1030 0
892 0
971 0
912 0
933 0
908 0
1014 0
902 0
883 0
850 0
912 0
966 0
933 0
881 0
862 0
916 0
812 0
995 0
968 0
978 0
887 0
872 0
895 0
862 0
780 0
925 0
928 0
949 0
924 0
845 0
855 0
804 0
889 0
945 0
996 0
912 0
917 0
879 0
859 0
804 0
913 0
856 0
818 0
814 0
836 0
848 0
915 0
839 0
887 0
886 0
835 0
803 0
786 0
845 0
801 0
868 0
973 0
874 0
832 0
857 0
790 0
790 0
943 0
770 0
819 0
781 0
888 0
900 0
734 0
991 0
806 0
900 0
936 0
845 0
807 0
997 0
812 0
822 0
838 0
796 0
817 0
781 0
812 0
789 0
770 0
859 0
836 0
889 0
793 0
838 0
819 0
745 0
840 0
856 0
857 0
872 0
797 0
813 0
775 0
800 0
814 0
921 0
742 0
806 0
856 0
899 0
748 0
732 0
830 0
737 0
805 0
856 0
836 0
686 0
780 0
739 0
931 0
872 0
742 0
856 0
810 0
795 0
797 0
803 0
855 0
813 0
824 0
874 0
743 0
810 0
793 0
758 0
757 0
838 0
745 0
852 0
795 0
791 0
816 0
739 0
724 0
755 0
759 0
698 0
754 0
781 0
747 0
829 0
769 0
822 0
776 0
733 0
737 0
788 0
670 0
759 0
723 0
779 0
807 0
730 0
751 0
801 0
846 0
699 0
808 0
811 0
745 0
758 0
716 0
718 0
685 0
827 0
703 0
728 0
825 0
654 0
751 0
784 0
859 0
702 0
724 0
734 0
774 0
697 0
683 0
731 0
705 0
734 0
735 0
676 0
765 0
694 0
753 0
733 0
782 0
759 0
711 0
823 0
798 0
822 0
755 0
800 0
751 0
851 0
752 0
679 0
720 0
841 0
702 0
758 0
708 0
713 0
735 0
678 0
764 0
723 0
820 0
706 0
632 0
778 0
779 0
682 0
659 0
677 0
757 0
683 0
762 0
648 0
677 0
718 0
628 0
747 0
631 0
666 0
684 0
734 0
728 0
649 0
666 0
744 0
647 0
745 0
642 0
749 0
742 0
619 0
732 0
771 0
714 0
692 0
652 0
657 0
660 0
710 0
622 0
702 0
699 0
627 0
661 0
627 0
687 0
613 0
621 0
689 0
586 0
697 0
650 0
731 0
686 0
624 0
618 0
661 0
671 0
639 0
663 0
769 0
620 0
686 0
590 0
620 0
633 0
629 0
648 0
603 0
667 0
593 0
635 0
641 0
686 0
641 0
685 0
597 0
625 0
554 0
595 0
574 0
655 0
652 0
563 0
569 0
610 0
554 0
571 0
604 0
560 0
569 0
573 0
572 0
542 0
588 0
647 0
554 0
526 0
581 0
610 0
564 0
551 0
627 0
610 0
600 0
611 0
585 0
