33.56952679015244
32.815620255818146
32.31809537842018
31.91053241400807
31.423108817924494
30.668364495799143
30.490952184244392
29.889622475368174
29.538125134054212
29.04298454659118
28.75432549092303
28.15038466912913
27.704914230376875
27.13985867847764
27.227624534071985
26.780499318860002
26.18978244314689
26.099403569984112
25.571642100869155
25.197242740565525
25.05803446496767
24.86321607388244
24.257966010434803
24.24205145602085
23.916657210207383
23.669486020657843
23.39099689770112
23.193042830803535
22.832929075193576
22.368365855610435
22.330511369460137
22.092995551685103
21.604239839086006
21.583503188379705
21.36676084866928
21.060592694021626
20.80641582780102
20.669491926295834
20.33767468505753
20.133276485681456
19.907440163940002
19.837021437783505
19.56197420464168
19.173455100962418
19.06084961190681
19.09955311179035
18.809916714096808
18.655289218708507
18.491061972983758
18.300675938282826
18.041041774862595
18.12595713950046
17.76030643792179
17.651305921941358
17.59055696444075
17.4145850196266
17.11200604961361
17.03437375179051
16.88180556627684
16.76371499200921
16.662653292028008
16.421021168973382
16.372131777508777
16.22221123044473
16.17425984041235
15.938182110015278
15.808425059646673
15.760814830243023
15.556727973161241
15.608764360404574
15.399045444280157
15.222115463879799
15.187641811192755
14.866784593004555
14.857153448526041
14.75363272748239
14.714155710697005
14.531606040419684
14.511682001928301
14.380471663511761
14.179840937012067
14.180179005003016
14.036112378807768
14.067372545581428
13.896152361839269
13.787196614230107
13.627835411898948
13.766578686061735
13.572637059311461
13.391753389777762
13.266421919600464
13.259841980297606
13.174360224982047
13.174571104619066
13.05867457558214
12.996141177639952
12.794929240783578
12.753586977927789
12.676024744769633
12.561238714348814
12.462354834206378
12.362636589655276
12.431755218718376
12.344623355328277
12.223828608685503
12.136284289419814
12.058843284305546
11.839959228740351
11.945494741976946
11.88336478724657
11.80768647866278
11.699148471754743
11.714217645581154
11.568475899342664
11.504186615986045
11.48893267409101
11.391536484192686
11.261558339896563
11.147576907840085
11.155391258496469
11.134082810021694
11.07083912918748
10.980687631849612
10.885473179557835
10.796510170486135
10.753911044894657
10.714390445056338
10.636092809041166
10.587529286625912
10.500019333241882
10.5595487236029
10.406179591707975
10.313837327149333
10.356054935074116
10.338566199171012
10.181543014348104
10.282136591381587
10.203337838047783
10.03610720426759
10.03395850748297
10.055692945342775
9.878296743804057
9.936936321150501
9.852838271318205
9.869419654080627
9.738646811406042
9.706800200911765
9.592262101899914
9.5995131458989
9.518693412614226
9.525058542877641
9.481293135844588
9.464128221440888
9.342890851354868
9.325856403768611
9.297870851881909
9.335023192516847
9.234663755339511
9.183206557071056
9.144969659826039
9.022340611930865
9.054240515256115
9.035116027778678
9.012132912239057
8.83758230058457
8.908185917497669
8.835422888166796
8.83742687430918
8.775912718710329
8.811718205883036
8.697029725726992
8.64725602527033
8.636995769472161
8.562677638296744
8.52184335817961
8.556380417934683
8.507400110319413
8.424402186506132
8.410586050387746
8.351334572188861
8.362809115011498
8.370454784899112
8.28428035420812
8.21827901706948
8.193394648441252
8.172077969667907
8.19501998091936
8.07093503542297
8.052007091424285
8.10389858887755
8.048095453747269
7.973016857050515
7.9164234446788
7.947040098753128
7.907254816535229
7.857614687391453
7.86144029730342
7.79107950787208
7.744504079772298
7.762151240402941
7.720497255445748
7.661465658708393
7.667831144937781
7.633222193394431
7.607958815202833
7.588487898936274
7.552900756426652
7.500799360312085
7.417159572423616
7.440647188584155
7.426973175783023
7.428276369614677
7.377470970345621
7.364222834032091
7.318731274432885
7.239191588012067
7.1915703006273635
7.208974470505309
7.173124025778193
7.198138034146723
7.114453740431318
7.121282413250192
7.076013491837898
7.133159507083683
7.078157883972199
7.030071756607915
6.998900868343676
6.999283740995009
6.942353785960108
6.89162211439182
6.978091123766051
6.871068743652541
6.8541424564567865
6.805747626065615
6.805072364105972
6.80009086311809
6.728995142225797
6.715828342444911
6.750285209516123
6.748128502493933
6.661107269655592
6.723966226793868
6.627204070271186
6.597284525913939
6.597459143728047
6.639045326050177
6.546438024361126
6.5112961520764845
6.4562604601882505
6.460001580056237
6.397305746763905
6.407822129882718
6.386331792016372
6.389550962378985
6.409356724813092
6.381081735992175
6.312874546976991
6.323690629851569
6.300335462746197
6.260417011992831
6.228501351377154
6.240200175514044
6.2213006784896105
6.26282718145505
6.110353178980631
6.14460824477811
6.1720466814741854
6.116959874290205
6.098962073610892
6.083448996716088
6.063757611133867
6.031930450754551
6.008009555001695
6.019958619603671
6.018881256789726
5.945457423259422
5.934869228214207
5.9417774481969445
5.9508523032017
5.914848686239929
5.847165105631996
5.885514145255843
5.852572981761662
5.843703547630683
5.816827261851379
5.818292361786153
5.825147692629055
5.805954965100318
5.71822320838808
5.738308231512974
5.744328994355229
5.713955148351158
5.657335511566473
5.663797188651906
5.63562066806112
5.673427606426512
5.596606397539408
5.620497337881136
5.577329857294489
5.567559568749211
5.594073896586201
5.527260458789724
5.596778245074187
5.522096839040183
5.528477966292622
5.505027801476213
5.507735093367378
5.4700791914840075
5.465281378404252
5.433328526692794
5.465378813325035
5.460309014619893
5.398588885015142
5.451359600578735
5.34459867476615
5.351407804441189
5.324774802381976
5.362580223491921
5.270539515844303
5.2898201690801585
5.254289479907346
5.261721590456091
5.308448948286605
5.197519152387076
5.243639604471291
5.194088958265882
5.229506899263993
5.162636089421942
5.156144046394461
5.179793241836023
5.132505550274495
5.177713863007577
5.144273304398932
5.118278136364024
5.0899169882401765
5.074617539051621
5.079093901108547
5.078538620081836
5.053798360712217
5.018854806896554
5.049111262660765
4.967216224790482
4.993676509541455
4.960949035327406
4.949176109420068
4.955904183573607
4.921396778127446
4.880848376766313
4.890620590906901
4.9249293113015575
4.825327960231247
4.903093730035259
4.853965481192544
4.778611587003097
4.866145061667625
4.814288947679714
4.822299469307318
4.788883453809905
4.780103913345741
4.771999201875815
4.757230691454799
4.80104520306161
4.7425333826954645
4.765713726648146
4.703405527739097
4.6995062562619205
4.700509102582274
4.7282700536354785
4.697492611619012
4.7011240374818275
4.631018483787956
4.635856981090419
4.632158153738073
4.602458898668139
4.623599558980578
4.63810866883327
4.563161366846307
4.639469056770099
4.563882682835073
4.572101971975985
4.566234946032609
4.52922083864762
4.519823054458868
4.507162869237957
4.494926445741772
4.5353536297894586
4.4607670436549665
4.506996758307734
4.463383734486751
4.451508776303517
4.442654573449408
4.451124292879322
4.419391702682788
4.413911699469418
4.463363294349248
4.416890387456403
4.390752157923753
4.42075175625394
4.3752434364296935
4.385008011453262
4.303170202788683
4.311073764621535
4.298199245453452
4.334225550673887
4.276394396042756
4.320068935292183
4.311530603827082
4.312984839245555
4.2590883502153245
4.256369660358869
4.260710655423763
4.272595664406049
4.2660037783880576
4.24387604805197
4.219631118510328
4.2078843688518415
4.239745852559507
4.219304827535202
4.205859067342146
4.232350031746851
4.196241611264593
4.173998988710229
4.186374810787688
4.183683722753786
4.160839497392501
4.119171014574577
4.162953648816993
4.092559072878958
4.109459330105547
4.072180889884873
4.0672150503649345
4.097643109696821
4.070672322389537
4.05497913950585
4.070078904441379
4.0183275472314905
4.051185231794154
4.035832108591794
4.052779025077744
4.0551124697897905
