44674 42407
44735 42501
44648 42409
44639 42352
45066 42827
44628 42482
44517 42324
44879 42568
44785 42412
44866 42657
44768 42573
44876 42631
44647 42386
44796 42516
44915 42759
44890 42785
44598 42329
44867 42683
43751 41653
40973 38979
37013 35230
33824 32163
32038 30568
30280 28807
26836 25660
25364 24028
23155 21817
21231 20157
20020 18916
18276 17048
17116 15951
15517 14379
14255 13136
13430 12281
11860 10848
11345 10220
10402 9154
9231 8218
8877 7778
8065 6966
6985 5904
6977 5721
6132 4916
5597 4323
5355 4118
4904 3764
4328 3196
4017 2852
3543 2394
3282 2207
2852 1761
2791 1603
2444 1286
2276 1155
2170 996
1956 776
1876 702
1584 505
1563 438
1387 281
1370 225
1355 183
1148 116
1122 89
1070 53
1199 34
1205 16
1055 2
1048 0
1042 0
1050 0
996 0
973 0
953 0
1076 0
1053 0
1070 0
982 0
1022 0
1143 0
1158 0
1199 0
1006 0
1106 0
994 0
1006 0
926 0
1055 0
990 0
1059 0
1013 0
925 0
990 0
1039 0
1042 0
1097 0
980 0
979 0
1001 0
964 0
994 0
1167 0
931 0
1150 0
941 0
906 0
1045 0
1062 0
1114 0
927 0
1020 0
969 0
980 0
868 0
996 0
908 0
959 0
1065 0
928 0
1044 0
933 0
1018 0
994 0
961 0
1071 0
966 0
997 0
941 0
934 0
1129 0
845 0
931 0
1096 0
938 0
824 0
897 0
974 0
946 0
931 0
945 0
969 0
955 0
964 0
1029 0
942 0
893 0
1007 0
983 0
968 0
922 0
892 0
878 0
1012 0
970 0
924 0
965 0
849 0
912 0
890 0
1004 0
972 0
902 0
964 0
1014 0
933 0
854 0
1038 0
1027 0
861 0
789 0
975 0
898 0
1033 0
962 0
836 0
950 0
906 0
1056 0
833 0
892 0
825 0
864 0
959 0
828 0
878 0
859 0
954 0
903 0
836 0
826 0
938 0
976 0
940 0
864 0
907 0
919 0
822 0
985 0
845 0
918 0
920 0
818 0
901 0
911 0
822 0
918 0
805 0
896 0
847 0
792 0
882 0
868 0
849 0
939 0
828 0
874 0
809 0
909 0
945 0
775 0
843 0
814 0
801 0
892 0
836 0
788 0
918 0
879 0
841 0
872 0
784 0
906 0
867 0
990 0
817 0
813 0
770 0
857 0
805 0
815 0
848 0
821 0
1019 0
890 0
801 0
905 0
843 0
752 0
843 0
941 0
817 0
863 0
780 0
933 0
738 0
765 0
794 0
869 0
795 0
819 0
896 0
746 0
750 0
910 0
821 0
735 0
782 0
779 0
778 0
730 0
799 0
856 0
761 0
832 0
742 0
796 0
829 0
746 0
771 0
838 0
887 0
836 0
726 0
859 0
760 0
785 0
764 0
730 0
763 0
827 0
780 0
923 0
726 0
749 0
849 0
756 0
706 0
742 0
849 0
760 0
923 0
746 0
769 0
709 0
837 0
795 0
789 0
814 0
753 0
749 0
761 0
695 0
781 0
829 0
810 0
933 0
839 0
722 0
790 0
763 0
708 0
795 0
743 0
823 0
764 0
776 0
730 0
799 0
773 0
831 0
866 0
668 0
797 0
730 0
775 0
693 0
792 0
679 0
706 0
743 0
704 0
874 0
852 0
809 0
732 0
755 0
716 0
732 0
804 0
647 0
776 0
869 0
773 0
767 0
750 0
751 0
666 0
791 0
788 0
703 0
767 0
819 0
708 0
715 0
686 0
782 0
790 0
778 0
700 0
685 0
766 0
771 0
710 0
650 0
678 0
697 0
720 0
715 0
745 0
632 0
684 0
801 0
709 0
683 0
779 0
632 0
722 0
694 0
678 0
663 0
637 0
817 0
764 0
646 0
769 0
683 0
689 0
625 0
745 0
768 0
713 0
680 0
683 0
659 0
692 0
766 0
728 0
730 0
712 0
806 0
677 0
628 0
820 0
627 0
661 0
717 0
639 0
676 0
675 0
654 0
685 0
669 0
657 0
697 0
656 0
778 0
638 0
649 0
661 0
624 0
652 0
650 0
626 0
662 0
673 0
630 0
623 0
615 0
587 0
638 0
633 0
636 0
588 0
611 0
723 0
635 0
612 0
587 0
596 0
569 0
566 0
630 0
571 0
607 0
591 0
631 0
602 0
614 0
601 0
627 0
569 0
577 0
604 0
628 0
553 0
558 0
543 0
554 0
593 0
632 0
