0.0
0.0
45.97397468889222
40.16522186591932
40.16522186591932
24.03074956309205
19.930867413901144
16.956376332638303
14.96801839795861
13.175638713916868
13.175638713916868
13.175638713916868
13.175638713916868
13.175638713916868
13.175638713916868
7.7926415102973055
7.344058409995675
6.895475309694045
6.446892209392415
6.446892209392415
5.998309109090784
5.998309109090784
5.549726008789154
5.101142908487525
5.101142908487525
5.101142908487525
4.652559808185893
4.652559808185893
4.203976707884264
4.203976707884264
4.203976707884264
4.203976707884264
3.7553936075826333
3.7553936075826333
3.7553936075826333
3.7553936075826333
3.3068105072810035
3.3068105072810035
3.3068105072810035
3.3068105072810035
3.3068105072810035
2.858227406979373
2.858227406979373
2.858227406979373
2.9200868544877743
2.9200868544877743
2.9200868544877743
2.4627110515219877
2.4627110515219877
2.4627110515219877
2.4627110515219877
2.4627110515219877
2.4627110515219877
2.4627110515219877
2.48601806920406
2.48601806920406
2.024073121130024
2.024073121130024
2.024073121130024
2.024073121130024
2.024073121130024
2.024073121130024
2.024073121130024
2.024073121130024
2.024073121130024
2.024073121130024
2.024073121130024
2.024073121130024
2.024073121130024
2.024073121130024
2.024073121130024
1.5621281730559875
1.5621281730559875
1.5621281730559875
1.5621281730559875
1.5621281730559875
1.5621281730559875
1.5621281730559875
1.5621281730559875
1.5621281730559875
1.5621281730559875
1.5621281730559875
1.5621281730559875
1.5621281730559875
1.5621281730559875
1.5621281730559875
1.5621281730559875
1.5621281730559875
1.5621281730559875
1.5621281730559875
1.5621281730559875
1.5621281730559875
1.5621281730559875
1.5621281730559875
1.5621281730559875
1.5621281730559875
1.5621281730559875
1.1001832249819512
1.1001832249819512
1.1001832249819512
