0.0
0.0
0.0
42.025620905593826
31.598036328663987
25.238440577657034
20.998710076985734
17.965840501645395
15.747381718750317
15.718488258344527
12.680150814016264
15.768240275508582
12.651596521562757
12.651596521562757
8.861778021003094
8.86944480621151
8.86944480621151
7.690852907836627
7.297988941711665
6.92934142269436
6.222674653301787
6.222674653301787
5.818491589404091
5.818491589404091
5.414308525506394
5.0101254616086965
5.0101254616086965
4.881330336572871
4.471652652170706
5.01695387791171
4.191889047793559
4.191889047793559
4.128693257590628
4.128693257590628
3.711256428044315
3.711256428044315
3.7439011191554474
3.7439011191554474
3.3136257022667364
3.3136257022667364
3.3136257022667364
3.3136257022667364
3.3136257022667364
2.8833502853780257
2.8833502853780257
2.8833502853780257
2.8833502853780257
2.8833502853780257
2.8833502853780257
2.8833502853780257
2.4530748684893147
2.4530748684893147
2.4530748684893147
2.4530748684893147
2.323266594958242
2.323266594958242
2.323266594958242
2.323266594958242
2.300455621414674
2.300455621414674
2.300455621414674
2.300455621414674
2.300455621414674
2.300455621414674
2.300455621414674
1.8641709811861347
1.8641709811861347
1.8641709811861347
1.8641709811861347
2.062750713611648
2.062750713611648
2.062750713611648
2.062750713611648
2.062750713611648
1.6240155073232834
1.6240155073232834
1.6240155073232834
1.6240155073232834
1.6240155073232834
1.6240155073232834
1.6240155073232834
1.6240155073232834
1.6240155073232834
1.6409722544924268
1.6409722544924268
1.6409722544924268
1.6409722544924268
1.6409722544924268
1.6409722544924268
1.6409722544924268
1.6409722544924268
1.6409722544924268
1.6409722544924268
1.6409722544924268
1.6409722544924268
1.6409722544924268
1.197888816666751
1.197888816666751
1.197888816666751
1.197888816666751
