0.0
0.0
0.0
44.782713945518054
33.38952674457726
26.684550458005035
26.684550458005035
18.972768956998838
19.013230704605185
14.714723305615387
13.133301186727262
13.094587000673384
10.85774084286214
10.85774084286214
10.85774084286214
10.85774084286214
8.184968330951897
7.739506245633523
7.739506245633523
7.739506245633523
6.8485820749967745
6.403119989678401
6.403119989678401
5.957657904360027
5.5121958190416525
5.5121958190416525
5.066733733723279
5.066733733723279
5.066733733723279
5.066733733723279
5.066733733723279
5.066733733723279
4.175809563086531
4.175809563086531
4.175809563086531
3.7303474777681567
3.7303474777681567
3.7303474777681567
3.7303474777681567
3.7303474777681567
3.284885392449783
3.284885392449783
3.284885392449783
3.284885392449783
3.284885392449783
3.284885392449783
2.839423307131409
2.839423307131409
2.839423307131409
2.839423307131409
2.839423307131409
2.839423307131409
2.5214413598641685
2.5214413598641685
2.5214413598641685
2.5214413598641685
2.5214413598641685
2.5214413598641685
2.5214413598641685
2.5214413598641685
2.4797380302446315
2.4797380302446315
2.4797380302446315
2.0259754566561012
2.0259754566561012
2.0259754566561012
2.0259754566561012
2.0259754566561012
2.0259754566561012
2.0259754566561012
2.049232641111735
2.049232641111735
2.049232641111735
2.049232641111735
2.049232641111735
2.049232641111735
2.049232641111735
2.049232641111735
2.049232641111735
1.5910318676352369
1.5910318676352369
1.5910318676352369
1.5910318676352369
1.5910318676352369
1.5910318676352369
1.5910318676352369
1.5910318676352369
1.5910318676352369
1.5910318676352369
1.5910318676352369
1.5910318676352369
1.5910318676352369
1.5910318676352369
1.7383700912335782
1.7383700912335782
1.7383700912335782
1.2769645492016353
1.2769645492016353
1.2769645492016353
1.2769645492016353
