0.0
0.0
0.0
45.992858702617994
34.15488818614539
27.21930290943854
22.871308378806205
19.626482079917373
17.102728291892728
17.102728291892728
15.184230455661208
15.184230455661208
11.307554318999378
11.307554318999378
10.478555995444886
8.909303195100646
8.990455200451136
8.382326008579547
7.517139547150075
7.517139547150075
7.517139547150075
6.651953085720601
6.219359855005865
6.219359855005865
6.219359855005865
5.315487890283149
5.315487890283149
5.315487890283149
4.8688266048795965
4.8688266048795965
4.8688266048795965
4.422165319476044
4.413247969887001
4.413247969887001
4.0818036503796025
4.0818036503796025
4.0818036503796025
3.6269442092000093
3.6269442092000093
3.6269442092000093
3.4412125667445213
3.4412125667445213
3.4412125667445213
3.4412125667445213
3.4412125667445213
2.9844383663643557
2.9844383663643557
2.9844383663643557
2.9844383663643557
2.984402210833337
2.929215021437624
2.929215021437624
2.929215021437624
2.868701002312288
2.868701002312288
2.406024620855501
2.406024620855501
2.406024620855501
2.406024620855501
2.406024620855501
2.406024620855501
2.406024620855501
2.406024620855501
2.406024620855501
2.442940721170129
2.442940721170129
1.9710097911446032
1.9710097911446032
1.9710097911446032
1.9710097911446032
1.9710097911446032
1.9710097911446032
1.9710097911446032
1.9710097911446032
1.9710097911446032
1.9710097911446032
1.9710097911446032
1.9710097911446032
1.9710097911446032
1.9710097911446032
1.9710097911446032
1.9710097911446032
1.9710097911446032
1.9710097911446032
1.4990788611190777
1.4990788611190777
1.4990788611190777
1.4990788611190777
1.4990788611190777
1.4990788611190777
1.4990788611190777
1.4990788611190777
1.4990788611190777
1.4990788611190777
1.4990788611190777
1.4990788611190777
1.4990788611190777
1.4990788611190777
1.4990788611190777
1.4990788611190777
