0.0
0.0
0.0
48.20366384642929
48.21464359768879
28.763212398491785
24.007313391994487
20.40395856017134
17.91209134818137
18.004085189454827
17.88102626588613
17.876132862661358
11.908523975172788
11.908523975172788
10.094095211472423
11.847899724542462
8.896765547934717
8.259737316095594
8.44807067097007
7.682981382101725
7.705179401083752
7.550476634729508
7.550476634729508
6.184102723872033
6.203302219070229
5.747086617185545
5.747086617185545
5.5307953035106685
5.5307953035106685
4.963693951071541
4.963693951071541
4.963693951071541
4.494565763061869
4.494565763061869
4.494565763061869
4.494565763061869
4.025437575052198
4.025437575052198
4.025437575052198
4.025437575052198
3.488180938715832
3.488180938715832
3.3404081660243112
3.3404081660243112
3.3404081660243112
3.4965855333312152
3.4965855333312152
3.012174965970082
3.3092794269959915
3.3092794269959915
2.8125696336661616
2.8125696336661616
2.8125696336661616
2.8125696336661616
2.8125696336661616
2.8125696336661616
2.8125696336661616
2.8125696336661616
2.8125696336661616
2.8125696336661616
2.3158598403363317
2.3158598403363317
2.3158598403363317
2.3158598403363317
2.6031559887138345
2.6031559887138345
2.1042418412266115
2.1042418412266115
2.1042418412266115
2.1042418412266115
2.1042418412266115
2.1042418412266115
2.1042418412266115
2.1042418412266115
2.1042418412266115
2.1042418412266115
2.1042418412266115
2.1042418412266115
2.1042418412266115
2.1042418412266115
2.1042418412266115
2.1042418412266115
2.1042418412266115
1.6053276937393886
1.6053276937393886
1.6053276937393886
1.6053276937393886
1.6053276937393886
1.6053276937393886
1.6053276937393886
1.6053276937393886
1.6053276937393886
1.6053276937393886
1.6053276937393886
1.6053276937393886
1.6053276937393886
1.6053276937393886
1.6053276937393886
1.6053276937393886
1.6053276937393886
