20350174 3070437
20365045 3055829
20332303 3088466
20379560 3041593
20351294 3069818
20369007 3051900
20347925 3073190
20352630 3067825
20356994 3064091
20376588 3044380
20351560 3069205
20362038 3059046
20374229 3046446
20335763 3085134
20355991 3065179
20495153 2927471
20710096 2714378
20890034 2536383
21071092 2356851
21249577 2179884
21420085 2010936
21571470 1860900
21746542 1687089
21922442 1512369
22011467 1424200
22157294 1279588
22227652 1209808
22369729 1068625
22472915 965969
22552487 887129
22674499 765850
22741811 698965
22814812 626422
22900378 541340
22969022 473122
23035844 406677
23075769 366936
23154112 289010
23216967 226471
23240346 203219
23266662 177003
23321556 122400
23338883 105157
23368070 76124
23392967 51330
23401624 42704
23412698 31696
23427981 16488
23434408 10083
23441295 3229
23442781 1758
23444569 0
23444561 0
23444545 0
23444553 0
23444574 0
23444565 0
23444568 0
23444556 0
23444570 0
23444569 0
23444565 0
23444567 0
23444539 0
23444586 0
23444540 0
23444590 0
23444583 0
23444590 0
23444570 0
23444597 0
23444555 0
23444585 0
23444596 0
23444559 0
23444562 0
23444581 0
23444573 0
23444558 0
23444605 0
23444577 0
23444573 0
23444600 0
23444590 0
23444609 0
23444595 0
23444566 0
23444604 0
23444581 0
23444603 0
23444615 0
23444609 0
23444606 0
23444611 0
23444594 0
23444575 0
23444595 0
23444603 0
23444597 0
23444604 0
23444600 0
23444634 0
23444603 0
23444600 0
23444572 0
23444609 0
23444609 0
23444620 0
23444628 0
23444621 0
23444596 0
23444619 0
23444600 0
23444624 0
23444606 0
23444628 0
23444608 0
23444615 0
23444611 0
23444611 0
