10531205 1675174
10536626 1669513
10519167 1686877
10531692 1674378
10526330 1679791
10515004 1691157
10547908 1658348
10532960 1673208
10520103 1686072
10530712 1675568
10531238 1674895
10532113 1673900
10534884 1671359
10537406 1668890
10515922 1690290
10604470 1603239
10736482 1473871
10803907 1407993
10924779 1289242
11010249 1205228
11070856 1145706
11188062 1030385
11268369 951482
11351547 869355
11399745 822169
11484999 738040
11530523 693127
11591581 632887
11650662 574769
11698997 526631
11774478 452412
11796881 430337
11836368 391204
11890078 338163
11931728 297059
11971420 257700
11996608 232871
12037654 192232
12076364 153920
12075494 154712
12106322 124230
12144545 86417
12143396 87529
12164855 66097
12187730 43589
12192577 38812
12202550 28949
12214921 16686
12217586 14028
12224194 7461
12224646 7017
12229351 2343
12230658 1051
12231732 0
12231714 0
12231744 0
12231741 0
12231733 0
12231736 0
12231736 0
12231754 0
12231750 0
12231761 0
12231753 0
12231778 0
12231756 0
12231772 0
12231750 0
12231754 0
12231750 0
12231773 0
12231775 0
12231775 0
12231785 0
12231763 0
12231757 0
12231780 0
12231777 0
12231798 0
12231786 0
12231767 0
12231779 0
12231760 0
12231754 0
12231780 0
12231793 0
12231771 0
12231778 0
12231774 0
12231770 0
12231799 0
12231790 0
12231788 0
12231787 0
12231790 0
12231823 0
12231809 0
12231784 0
12231799 0
12231788 0
12231776 0
12231796 0
12231799 0
12231800 0
12231805 0
12231791 0
12231785 0
12231798 0
12231775 0
12231783 0
12231810 0
12231798 0
12231794 0
12231792 0
12231788 0
12231795 0
12231792 0
12231799 0
12231808 0
12231782 0
12231812 0
12231813 0
12231805 0
12231817 0
12231817 0
12231822 0
12231797 0
12231806 0
12231821 0
12231821 0
12231809 0
12231811 0
12231819 0
12231823 0
12231823 0
12231833 0
12231829 0
12231813 0
12231831 0
12231836 0
12231841 0
12231834 0
12231845 0
12231827 0
12231839 0
12231845 0
12231833 0
12231848 0
12231839 0
12231837 0
12231827 0
12231821 0
12231821 0
12231838 0
12231857 0
12231843 0
12231819 0
12231820 0
12231850 0
12231819 0
12231836 0
12231814 0
12231832 0
12231838 0
12231832 0
12231837 0
12231841 0
12231837 0
12231848 0
12231854 0
12231853 0
12231841 0
12231853 0
12231866 0
12231853 0
12231842 0
12231861 0
12231859 0
12231850 0
12231842 0
12231862 0
12231847 0
12231855 0
12231840 0
12231843 0
12231845 0
12231824 0
12231850 0
12231831 0
12231853 0
12231836 0
12231857 0
12231854 0
12231864 0
12231861 0
12231851 0
12231852 0
12231874 0
12231845 0
12231856 0
12231868 0
12231869 0
12231875 0
12231863 0
12231857 0
12231858 0
12231870 0
12231874 0
12231856 0
12231853 0
12231879 0
12231866 0
12231879 0
12231880 0
12231879 0
12231873 0
12231867 0
12231875 0
12231870 0
12231873 0
12231867 0
12231857 0
12231857 0
12231866 0
12231868 0
12231871 0
12231861 0
12231891 0
12231878 0
12231885 0
12231857 0
12231904 0
12231866 0
12231880 0
12231866 0
12231876 0
12231878 0
12231868 0
12231884 0
12231866 0
12231878 0
12231880 0
12231885 0
12231883 0
12231879 0
12231897 0
12231904 0
12231902 0
12231891 0
12231878 0
12231893 0
12231896 0
12231894 0
12231885 0
12231871 0
12231891 0
12231889 0
12231894 0
12231896 0
12231898 0
12231893 0
12231915 0
12231897 0
12231903 0
12231899 0
12231899 0
12231906 0
12231898 0
12231908 0
12231913 0
12231899 0
12231909 0
12231905 0
12231906 0
12231899 0
12231893 0
12231888 0
12231904 0
12231915 0
12231899 0
12231918 0
12231908 0
12231914 0
12231907 0
12231906 0
12231899 0
12231900 0
12231887 0
12231920 0
12231904 0
12231907 0
12231900 0
12231911 0
12231900 0
12231925 0
12231914 0
12231914 0
12231918 0
12231912 0
12231908 0
12231902 0
12231889 0
12231917 0
12231898 0
12231907 0
12231921 0
12231913 0
12231922 0
12231907 0
12231901 0
12231919 0
12231917 0
12231924 0
12231908 0
12231916 0
12231928 0
12231921 0
12231900 0
12231915 0
12231925 0
12231921 0
12231929 0
12231929 0
12231919 0
12231918 0
12231922 0
12231933 0
12231931 0
12231907 0
12231938 0
12231935 0
12231927 0
12231919 0
12231931 0
12231932 0
12231921 0
12231927 0
12231920 0
12231920 0
12231919 0
12231937 0
12231925 0
12231936 0
12231945 0
12231934 0
12231947 0
12231941 0
12231921 0
12231931 0
12231928 0
12231929 0
12231939 0
12231934 0
12231932 0
12231945 0
12231940 0
12231922 0
12231925 0
12231951 0
12231934 0
12231921 0
12231937 0
12231922 0
12231934 0
12231936 0
12231949 0
12231946 0
12231928 0
12231934 0
12231949 0
12231949 0
12231926 0
12231934 0
12231938 0
12231949 0
12231949 0
12231946 0
12231945 0
12231935 0
12231937 0
12231949 0
12231936 0
12231954 0
12231938 0
12231948 0
12231931 0
12231933 0
12231945 0
12231942 0
12231954 0
12231945 0
12231945 0
12231943 0
12231944 0
12231953 0
12231949 0
12231939 0
12231951 0
12231946 0
12231944 0
12231941 0
12231958 0
12231942 0
12231949 0
12231958 0
12231946 0
12231963 0
12231955 0
12231956 0
12231947 0
12231952 0
12231943 0
12231947 0
12231944 0
12231953 0
12231957 0
12231953 0
12231945 0
12231944 0
12231954 0
12231959 0
12231960 0
12231954 0
12231963 0
12231948 0
12231964 0
12231946 0
12231962 0
12231950 0
12231951 0
12231958 0
12231957 0
12231971 0
12231961 0
12231954 0
12231958 0
12231950 0
12231944 0
12231965 0
12231951 0
12231970 0
12231973 0
12231968 0
12231966 0
12231956 0
12231960 0
12231963 0
12231952 0
12231967 0
12231972 0
12231967 0
12231965 0
12231962 0
12231974 0
12231968 0
12231966 0
12231970 0
12231959 0
12231972 0
12231964 0
12231964 0
12231963 0
12231964 0
12231963 0
12231967 0
12231961 0
12231956 0
12231961 0
12231952 0
12231971 0
