11184706 1976779
11165458 1995983
11181939 1979537
11173800 1987752
11161530 1999641
11180945 1980708
11175425 1985931
11175814 1985633
11152295 2008802
11165670 1995695
11166206 1995077
11151103 2010086
11162408 1998721
11189051 1972503
11146390 2014842
11262754 1900347
11385744 1780086
11486157 1681615
11590080 1579655
11718897 1452765
11766256 1406477
11890520 1284554
11982459 1193892
12095598 1082423
12151656 1027351
12225291 954765
12280317 900541
12368407 813553
12435143 747909
12483488 700065
12583323 601534
12596482 588619
12652473 533281
12713322 473110
12744654 442136
12805918 381530
12836558 351205
12878808 309378
12932835 255983
12948732 240228
12974704 214437
13019042 170601
13030904 158823
13065004 124998
13087778 102469
13095661 94638
13114296 76212
13140262 50418
13143619 47087
13155646 35197
13161050 29793
13173670 17289
13180616 10368
13184126 6908
13186159 4889
13188019 3080
13191087 0
13190991 143
13191129 0
13191112 0
13191120 0
13191134 0
13191127 0
13191113 0
13191133 0
13191112 0
13191135 0
13191139 0
13191152 0
13191142 0
13191139 0
13191130 0
13191157 0
13191161 0
13191138 0
13191139 0
13191163 0
13191131 0
13191153 0
13191149 0
13191130 0
13191165 0
13191155 0
13191159 0
13191156 0
13191175 0
13191153 0
13191182 0
13191170 0
13191169 0
13191164 0
13191158 0
13191158 0
13191166 0
13191175 0
13191158 0
13191173 0
13191163 0
13191169 0
13191175 0
13191206 0
13191161 0
13191187 0
13191187 0
13191178 0
13191152 0
13191153 0
13191188 0
13191170 0
13191172 0
13191175 0
13191175 0
13191176 0
13191195 0
13191187 0
13191188 0
13191174 0
13191200 0
13191183 0
13191185 0
13191169 0
13191173 0
13191193 0
13191195 0
13191199 0
13191192 0
13191193 0
13191172 0
13191173 0
13191186 0
13191187 0
13191211 0
13191177 0
13191174 0
13191210 0
13191230 0
13191184 0
13191201 0
13191186 0
13191211 0
13191208 0
13191180 0
13191207 0
13191182 0
13191194 0
13191221 0
13191189 0
13191193 0
13191209 0
13191213 0
13191228 0
13191224 0
13191183 0
13191201 0
13191227 0
13191207 0
13191219 0
13191190 0
13191196 0
13191203 0
13191222 0
13191206 0
13191211 0
13191211 0
13191220 0
13191231 0
13191224 0
13191215 0
13191224 0
13191213 0
13191209 0
13191228 0
13191219 0
13191243 0
13191224 0
13191230 0
13191215 0
13191248 0
13191230 0
13191241 0
13191237 0
13191237 0
13191238 0
13191236 0
13191223 0
13191246 0
13191217 0
13191201 0
13191237 0
13191223 0
13191231 0
13191236 0
13191235 0
13191257 0
13191238 0
13191229 0
13191220 0
13191225 0
13191249 0
13191230 0
13191242 0
13191233 0
13191239 0
13191240 0
13191250 0
13191234 0
13191238 0
13191230 0
13191248 0
13191235 0
13191242 0
13191231 0
13191259 0
13191252 0
13191229 0
13191242 0
13191247 0
13191233 0
13191253 0
13191241 0
13191243 0
13191229 0
13191238 0
13191251 0
13191256 0
13191245 0
13191247 0
13191246 0
13191257 0
13191248 0
13191263 0
13191243 0
13191264 0
13191252 0
13191276 0
13191267 0
13191274 0
13191271 0
13191261 0
13191265 0
13191285 0
13191235 0
13191265 0
13191262 0
13191253 0
13191258 0
13191271 0
13191233 0
13191271 0
13191249 0
13191264 0
13191257 0
13191267 0
13191250 0
13191290 0
13191272 0
13191277 0
13191264 0
13191286 0
13191278 0
13191256 0
13191272 0
13191272 0
13191265 0
13191279 0
13191274 0
13191279 0
13191270 0
13191283 0
13191269 0
13191268 0
13191275 0
13191271 0
13191258 0
13191288 0
13191270 0
13191291 0
13191291 0
13191280 0
13191276 0
13191295 0
13191288 0
13191263 0
13191285 0
13191292 0
13191294 0
13191293 0
13191289 0
13191280 0
13191291 0
13191295 0
13191279 0
13191304 0
13191295 0
13191302 0
13191288 0
13191290 0
13191297 0
13191297 0
13191304 0
13191308 0
13191295 0
13191294 0
13191294 0
13191302 0
13191295 0
13191288 0
13191309 0
13191286 0
13191306 0
13191305 0
13191295 0
13191296 0
13191290 0
13191301 0
13191308 0
13191298 0
13191291 0
13191309 0
13191293 0
13191287 0
13191303 0
13191313 0
13191305 0
13191301 0
13191296 0
13191314 0
13191312 0
13191304 0
13191304 0
13191310 0
13191309 0
13191286 0
13191311 0
13191300 0
13191308 0
13191306 0
13191306 0
13191305 0
13191300 0
13191308 0
13191320 0
13191314 0
13191307 0
13191322 0
13191295 0
13191313 0
13191297 0
13191304 0
13191315 0
13191305 0
13191303 0
13191301 0
13191303 0
13191311 0
13191310 0
13191320 0
13191306 0
13191318 0
13191317 0
13191309 0
13191315 0
13191316 0
13191322 0
13191305 0
13191314 0
13191326 0
13191316 0
13191313 0
13191316 0
13191328 0
13191318 0
13191308 0
13191311 0
13191326 0
13191315 0
13191320 0
13191332 0
13191327 0
13191317 0
13191330 0
13191329 0
13191316 0
13191324 0
13191322 0
13191322 0
13191327 0
13191330 0
13191328 0
13191322 0
13191329 0
13191324 0
13191336 0
13191323 0
13191321 0
13191339 0
13191335 0
13191337 0
13191318 0
13191322 0
13191325 0
13191325 0
13191318 0
13191326 0
13191345 0
13191328 0
13191338 0
13191333 0
13191325 0
13191326 0
13191328 0
13191317 0
13191335 0
13191326 0
13191341 0
13191328 0
13191334 0
13191342 0
13191338 0
13191335 0
13191335 0
13191336 0
13191341 0
13191338 0
13191336 0
13191324 0
13191338 0
13191327 0
13191333 0
13191338 0
13191346 0
13191342 0
13191336 0
13191341 0
13191329 0
13191332 0
13191337 0
13191331 0
13191344 0
13191342 0
13191339 0
13191338 0
13191325 0
13191337 0
13191334 0
13191331 0
13191341 0
13191331 0
13191345 0
13191340 0
13191332 0
13191351 0
13191347 0
13191324 0
13191339 0
13191352 0
13191351 0
13191336 0
13191344 0
13191343 0
13191347 0
13191331 0
13191336 0
13191342 0
13191325 0
13191340 0
13191341 0
13191342 0
13191343 0
13191346 0
