22303829 3981631
22314099 3971797
22314586 3970987
22337522 3948302
22333222 3952734
22321701 3963928
22279606 4006048
22324852 3960975
22300784 3984775
22321760 3964103
22298863 3986763
22287198 3998329
22293445 3992295
22320263 3965165
22299892 3985730
22473275 3813921
22749622 3540600
22915790 3376188
23176089 3117820
23342303 2953106
23504487 2792752
23725343 2573625
23947128 2353754
24115485 2186662
24241045 2062046
24395523 1908439
24507803 1797356
24686642 1619747
24793749 1513324
24910766 1397089
25101734 1207360
25132725 1176381
25235624 1074128
25345240 965030
25452143 858935
25529228 782271
25596564 715378
25686021 626480
25802709 510299
25826037 487115
25873640 439563
25965119 348588
25990778 323143
26064963 249322
26105768 208711
26131581 182998
26162456 152249
26207780 107094
26220937 94016
26257981 57127
26255261 59830
26284290 30908
26290995 24264
26301783 13507
26308612 6676
26311117 4215
26314211 1137
26315347 0
26315356 0
26315363 0
26315362 0
26315335 0
26315364 0
26315363 0
26315375 0
26315390 0
26315375 0
26315362 0
26315365 0
26315360 0
26315385 0
26315375 0
26315368 0
26315414 0
26315373 0
26315406 0
26315391 0
26315358 0
26315367 0
26315376 0
26315383 0
26315378 0
26315381 0
26315372 0
26315399 0
26315359 0
26315387 0
26315379 0
26315375 0
26315406 0
26315402 0
26315381 0
26315390 0
26315391 0
26315402 0
26315391 0
26315387 0
26315402 0
26315407 0
26315399 0
26315399 0
26315379 0
26315377 0
26315406 0
26315411 0
26315399 0
26315389 0
26315410 0
26315392 0
26315397 0
26315410 0
26315395 0
26315422 0
26315410 0
26315401 0
26315428 0
26315423 0
26315402 0
26315428 0
26315410 0
