22621020 4141723
22611634 4151461
22643081 4119623
22585634 4176583
22607576 4155067
22626363 4136769
22667631 4095553
22619339 4143873
22659639 4103024
22600688 4162187
22612085 4150893
22598290 4164214
22637697 4125356
22629462 4133605
22622898 4139936
22738020 4026588
23053882 3713451
23252106 3517151
23471186 3300366
23685362 3088102
23846627 2928095
24081431 2695235
24251691 2526755
24452873 2326990
24594277 2186563
24780204 2001950
24873978 1908969
25044247 1739827
25185052 1600136
25262521 1523182
25476219 1310835
25518290 1268738
25655209 1132888
25758037 1030500
25835762 953409
25952246 837121
26019667 770524
26145168 645656
26201091 590047
26258914 532468
26313063 478658
26400997 391116
26419980 372231
26490183 302335
26556995 235830
26567304 225575
26603792 189246
26669101 123972
26675019 118312
26711261 82108
26720139 73366
26746197 47432
26760962 32730
26774093 19649
26779485 14285
26783372 10396
26790378 3433
26792067 1736
26793828 0
26793830 0
26793847 0
26793828 0
26793819 0
26793829 0
26793840 0
26793841 0
26793843 0
26793833 0
26793837 0
26793819 0
26793828 0
26793829 0
26793850 0
26793850 0
26793852 0
26793850 0
26793835 0
26793837 0
26793842 0
26793857 0
26793836 0
26793825 0
26793861 0
26793837 0
26793860 0
26793840 0
26793867 0
26793843 0
26793850 0
26793854 0
26793864 0
26793876 0
26793823 0
26793867 0
26793851 0
26793861 0
26793851 0
26793875 0
26793857 0
26793847 0
26793869 0
26793871 0
26793883 0
26793852 0
26793859 0
26793852 0
26793860 0
26793879 0
26793857 0
26793887 0
26793879 0
26793896 0
26793878 0
26793899 0
26793855 0
26793897 0
26793874 0
26793873 0
26793869 0
26793882 0
