11356477 2044125
11341902 2058265
11345006 2055374
11330981 2069222
11338414 2061993
11330724 2069453
11325489 2074660
11332386 2067728
11323356 2076903
11332487 2067680
11324127 2075893
11317425 2082648
11347876 2052456
11317792 2082256
11336401 2064051
11404805 1997169
11545793 1858691
11646644 1759854
11745860 1662819
11868595 1541711
11935428 1476461
12074657 1339367
12169553 1246271
12261642 1155613
12327892 1090342
12410288 1009170
12457597 962469
12547697 873609
12627728 794702
12670923 752061
12776045 648118
12798034 626351
12859539 565769
12909369 516460
12958974 467402
13013021 413971
13054413 373024
13091561 336301
13137194 291143
13157577 270944
13192524 236246
13234353 194833
13247359 181967
13283380 146314
13311258 118720
13319824 110201
13339658 90474
13364216 66205
13372489 57985
13386858 43742
13393614 37038
13406746 23993
13413396 17277
13421585 9279
13426702 4203
13425848 5059
13429381 1573
13430386 574
13430972 0
13430965 0
13430973 0
13431014 0
13430972 0
13430980 0
13430972 0
13430976 0
13430990 0
13430976 0
13430991 0
13430958 0
13430990 0
13430956 0
13430986 0
13430996 0
13430977 0
13431011 0
13430948 0
13430991 0
13430985 0
13430985 0
13430979 0
13431001 0
13430982 0
13430990 0
13431009 0
13431013 0
13430982 0
13431002 0
13431015 0
13431006 0
13430991 0
13430997 0
13430970 0
13431008 0
13430999 0
13431010 0
13431030 0
13431030 0
13430990 0
13431009 0
13431007 0
13431031 0
13431006 0
13431008 0
13430989 0
13431026 0
13431023 0
13431014 0
13431012 0
13431041 0
13431016 0
13431029 0
13431012 0
13431038 0
13431016 0
13431028 0
13431009 0
13431026 0
13431026 0
13431024 0
13431024 0
13430995 0
13431035 0
13431043 0
13431051 0
13431033 0
13431021 0
13431012 0
13431040 0
13431021 0
13431035 0
13431043 0
13431032 0
13431035 0
13431043 0
13431048 0
13431045 0
13431026 0
13431046 0
13431040 0
13431031 0
13431034 0
13431047 0
13431046 0
13431035 0
13431037 0
13431049 0
13431047 0
13431073 0
13431048 0
13431048 0
13431040 0
13431039 0
13431051 0
13431060 0
13431039 0
13431045 0
13431057 0
13431045 0
13431055 0
13431049 0
13431052 0
13431040 0
13431044 0
13431060 0
13431031 0
13431065 0
13431068 0
13431035 0
13431072 0
13431071 0
13431038 0
13431084 0
13431078 0
13431057 0
13431066 0
13431078 0
13431074 0
13431072 0
13431065 0
13431072 0
13431084 0
13431091 0
13431034 0
13431075 0
13431073 0
13431085 0
13431083 0
13431061 0
13431083 0
13431076 0
13431080 0
13431083 0
13431067 0
13431075 0
13431076 0
13431088 0
13431073 0
13431089 0
13431063 0
13431076 0
13431078 0
13431061 0
13431087 0
13431076 0
13431078 0
13431078 0
13431048 0
13431093 0
13431094 0
13431092 0
13431086 0
13431091 0
13431073 0
13431060 0
13431082 0
13431095 0
13431086 0
13431087 0
13431074 0
13431091 0
13431089 0
13431094 0
13431106 0
13431119 0
13431090 0
13431093 0
13431108 0
13431084 0
13431087 0
13431123 0
13431102 0
13431090 0
13431108 0
13431104 0
13431110 0
13431100 0
13431123 0
13431109 0
13431100 0
13431101 0
13431104 0
13431109 0
13431124 0
13431122 0
13431097 0
13431115 0
13431122 0
13431107 0
13431081 0
13431101 0
13431119 0
13431113 0
13431096 0
13431118 0
13431101 0
13431131 0
13431108 0
13431104 0
13431102 0
13431105 0
13431112 0
13431096 0
13431115 0
13431120 0
13431117 0
13431110 0
13431138 0
13431116 0
13431116 0
13431116 0
13431138 0
13431108 0
13431113 0
13431112 0
13431113 0
13431121 0
13431116 0
13431114 0
13431124 0
13431124 0
13431130 0
13431123 0
13431123 0
13431146 0
13431117 0
13431113 0
13431139 0
13431139 0
13431132 0
13431138 0
13431136 0
13431143 0
13431130 0
13431133 0
13431134 0
13431135 0
13431130 0
13431131 0
13431149 0
13431138 0
13431126 0
13431141 0
13431141 0
13431124 0
13431151 0
13431136 0
13431147 0
13431134 0
13431142 0
13431138 0
13431154 0
13431130 0
13431149 0
13431136 0
13431143 0
13431143 0
13431155 0
13431142 0
13431140 0
13431142 0
13431135 0
13431143 0
13431142 0
13431144 0
13431149 0
13431139 0
13431153 0
13431142 0
13431125 0
13431127 0
13431149 0
13431147 0
13431143 0
13431150 0
13431149 0
13431156 0
13431154 0
13431140 0
13431144 0
13431138 0
13431154 0
13431152 0
13431150 0
13431158 0
13431153 0
13431134 0
13431153 0
13431165 0
13431154 0
13431150 0
13431158 0
13431151 0
13431165 0
13431159 0
13431150 0
13431147 0
13431165 0
13431160 0
13431158 0
13431163 0
13431157 0
13431163 0
13431163 0
13431159 0
13431162 0
13431155 0
13431151 0
13431164 0
13431157 0
13431164 0
13431161 0
13431178 0
13431168 0
13431155 0
13431176 0
13431157 0
13431153 0
13431165 0
13431164 0
13431171 0
13431149 0
13431172 0
13431158 0
13431174 0
13431168 0
13431169 0
13431170 0
13431166 0
13431172 0
13431175 0
13431172 0
13431160 0
13431178 0
13431172 0
13431177 0
13431169 0
13431172 0
13431164 0
13431176 0
13431182 0
13431171 0
13431176 0
13431172 0
13431175 0
13431179 0
13431183 0
13431182 0
13431168 0
13431172 0
13431178 0
13431169 0
13431183 0
13431169 0
13431193 0
13431186 0
13431180 0
13431186 0
13431176 0
13431172 0
13431186 0
13431180 0
13431186 0
13431184 0
13431188 0
13431175 0
13431182 0
13431175 0
13431174 0
13431176 0
13431169 0
13431181 0
13431184 0
13431172 0
13431183 0
13431183 0
13431177 0
13431177 0
13431177 0
13431172 0
13431181 0
13431176 0
13431188 0
13431176 0
13431197 0
13431195 0
13431183 0
13431183 0
13431179 0
13431189 0
13431180 0
13431183 0
13431189 0
13431182 0
13431173 0
13431199 0
13431174 0
13431188 0
13431182 0
13431184 0
13431170 0
13431182 0
13431184 0
13431183 0
13431174 0
13431188 0
13431186 0
13431180 0
13431195 0
13431185 0
