24.0885248441261
23.573634238169777
23.352173380773145
22.9453394768632
22.614770215655845
22.12995018475917
22.03489141970355
21.574482061635088
21.179488777565645
20.838161788015498
20.500277335142094
20.08691919440045
19.891153663832856
19.76431330916389
19.362267851473
19.189577361346757
19.014000718474342
18.686803048740465
18.52780141959427
18.19338250637104
18.116700138203704
17.849449341297376
17.611343368822308
17.41893029510195
17.19657799936132
16.948774921743286
16.73145211052566
16.5279292796892
16.31883657743799
16.102717762203227
15.94513556438339
15.820463775261347
15.609651632077705
15.433376072112925
15.269636423615289
15.162006121406566
15.062699963715586
14.784424206157746
14.6886188214881
14.585720242702354
14.389927334352013
14.295621754732366
14.116049358232004
13.908691965294537
13.951206510281676
13.748967659234404
13.627169375422149
13.380995269989679
13.279641762924886
13.152590553555704
13.075113416001686
12.991579069204292
12.761248461053844
12.814400276551993
12.66695131456079
12.535949914449017
12.423361229335246
12.312419338133422
12.283448594443469
12.123911195292877
11.974609536807385
11.890604313577729
11.747136244429896
11.685946432680703
11.654959377763564
11.580438393777877
11.459957537502227
11.402329810602733
11.199512197501315
11.169231979567076
11.035517616835477
10.97565654917646
10.89887437811053
10.861639189543007
10.677839015052314
10.643999112331052
10.629324404755536
10.567085664153055
10.434383798171883
10.353299373096533
10.260733481475517
10.228856404922862
10.090520831598127
10.123701291508972
10.004607846076123
9.947173154571317
9.854036201186062
9.790691135657287
9.733300739398983
9.672414802772103
9.651055395273605
9.510162657582077
9.47238413392946
9.381956788691582
9.388084360042116
9.297201591752799
9.21374713981174
9.144099064384285
9.088364993731787
9.08177625080998
8.967275301654364
8.94633245675433
8.836456128907555
8.803593794279264
8.743189840697205
8.734972862911764
8.698735155491375
8.631298878910565
8.561886619140793
8.561817924021739
8.457913329474787
8.424669761859697
8.375452644656866
8.306274748972147
8.278837330313355
8.24148371967693
8.225635115558248
8.091188899192396
8.101159969953406
8.036325040011638
7.972099962301968
7.946654822190581
7.898382571829436
7.920707675916423
7.824897374920702
7.820897863400637
7.719760066888482
7.714867252727681
7.641857785162511
7.613538874181768
7.628043001502638
7.491509676105665
7.52413130997972
7.4261518117801
7.456837468789104
7.332362046403514
7.347524181044173
7.295697112169696
7.308251017045155
7.228577328558083
7.201349817808043
7.165227342090816
7.065225801977918
7.053795579073785
7.08024646398917
7.01721300734108
7.032864032394263
6.9630227819271955
6.928339506831053
6.882062812285026
6.821808956692648
6.778770032798916
6.764995819248643
6.746677676024296
6.7435063208765245
6.714531832688431
6.71487030350092
6.635557408384798
6.636846568128076
6.578375078678482
6.571676876204892
6.4891487800736245
6.498893058948352
6.482595664489844
6.440194340592907
6.383341624507036
6.372027138403544
6.3624002256070025
6.353055544835936
6.282895128548706
6.280083084618559
6.253009512810708
6.214632519437764
6.207536142241536
6.129517312676722
6.08503231282979
6.134903004764306
6.077484418586119
6.0622604853736926
6.0269707371672006
5.983832025592221
5.994896580290515
5.939049379283324
5.926059904560861
5.89174083557594
5.814217921024829
5.834511447236073
5.836612097474354
5.839974597285663
5.742275403410968
5.782466566221357
5.731696421660488
5.716230334895817
5.667636867834599
5.653305847507493
5.611192811940355
5.632856825082445
5.619008197572848
5.583053086270488
5.5419281879384785
5.524503527434295
5.520972965382884
5.504839144451421
5.47313401171341
5.452268892310867
5.457178460762439
5.41516855402524
5.402676682554834
5.400980877997231
5.35845913187964
5.323469508426838
5.309871012187331
5.307015427785277
5.2660007928953565
5.236934980471667
5.244204895813482
5.218722939877357
5.196142275896391
5.212125286169205
5.2056408960164955
5.151673858129481
5.114607180010176
5.1352307565609046
5.11618235020153
5.081907085487957
5.044280048104001
5.05766149473046
5.039958682810479
4.996068081010353
4.983881132733741
4.967905687233012
4.954834875722122
4.919553984891454
4.963463588871446
4.923150166932101
4.941701982051347
4.882314038556956
4.891881103013011
4.865695783060582
4.846892565997054
4.834383026472388
4.841031398712136
4.7943226887215085
4.791795622319978
4.766740404686379
4.739217090682891
4.712547563668536
4.707257501280947
4.718971034016777
4.663495644810286
4.664024399542577
4.633337574699685
4.6157900643682295
4.601334351366504
4.606539746891565
4.550268338288124
4.568411665165268
4.563414280576636
4.518914518669508
4.51425427040383
4.481022196434622
4.548153216840551
4.491053722179094
4.4798096001873
4.449376620924131
4.433672352179117
4.401088336249723
4.404115454845533
4.383450143915879
4.350471621065283
4.375946005440856
4.357194501231579
4.352391507137497
4.304610580088463
4.305714671866927
4.290810648316783
4.283551798931075
4.250334629447888
4.231300358428871
4.235319970217386
4.2348253958959505
4.212763635543625
4.209467210708144
4.211320813039563
4.196461661932617
4.170937971072291
4.159049378701621
4.138935064496414
4.13310994634976
4.136621722976573
4.121718548890442
4.100232655226273
4.111889634089223
4.068552129625987
4.071319578713963
4.091273219084833
4.046088732868512
4.045479345426177
4.029852378979078
4.006394271189733
4.035634154962807
4.0068164427785975
3.9963933930769144
4.007361747850873
3.990331339815266
3.9655934911994173
3.9602175917606792
3.966382595141158
3.920622784087493
3.9278638555091403
3.9123351884986732
3.909412546902488
3.875535611636187
3.907417372821528
3.8794395606723766
3.836746561807713
3.8405335193059544
3.8577544108410167
3.8257777633222894
3.8190582473278027
3.8188607809112547
3.8058248538863153
3.8121342034400643
3.787073476754524
3.787251379452282
3.7779559898509434
3.7448179765895815
3.777435055898104
3.7415486429837235
3.7190500590836386
3.714000820022907
3.705442675379768
3.7038498339374226
3.686343020813447
3.6809555388290844
3.6831734290006533
3.6535907355609516
3.6628470570563603
3.6430127979674354
3.640541230253584
3.6578500108345455
3.630685939474949
3.6059522676482243
3.5937674864909197
3.577899711008695
3.567354790829022
3.5384513648136973
3.534238094704565
3.575107182052397
3.561995162199014
3.5316389360707037
3.5429724135381435
3.5231313031600937
3.4842026890231272
3.513103537635134
3.5044152108171787
3.5140636595893966
3.4432480663134992
3.458758475911095
3.4841573672150483
3.453540876828083
3.4380438230440635
3.41403632813096
3.441171637196085
3.3995089543076755
3.414525789978984
3.3376152353649697
3.3489228696185727
3.349455415081093
3.344490303433715
3.322036083269577
3.3458381565153945
3.3242428781809394
3.3239981366724805
3.3287898535886917
3.316853663978391
3.290807478223087
3.3022952614254337
3.283703296219487
3.2624565500262293
3.2686544086493834
3.262941355885232
3.250262534883159
3.236348643764586
3.250188742278156
3.2371888768301256
3.232556768337963
3.2137781470171194
3.197097711751794
3.2036225495683404
3.2043904913113943
3.2033118467936106
3.212025037238809
3.1739827525122473
3.174934571446329
3.15869703549165
3.162785874024723
3.1536173684286357
3.1664258742502396
3.1316658515390374
3.1573247783795524
3.137093971653367
3.1241791816130284
3.1181843931009827
3.104887360119276
3.106425728164013
3.1074299463780015
3.107492312673421
3.112150715079406
3.0934228971136353
3.067605878020049
3.059351709166292
3.0678816803090694
3.054760324291158
3.048960331422131
3.0267728409459984
3.038624999076819
3.0237461733436364
3.0132899903295765
3.0238498988417315
3.0017186771639355
3.027360915156769
3.012087556158604
3.010994365075078
2.9849919664876756
2.9762083460806252
2.966103776718046
2.9756115734589206
2.95858503053382
2.9693661730603798
2.949386823277937
2.963430099296411
2.9375716741476934
2.9494201258470185
2.9368868858318113
2.9317698507498697
2.9020332636746935
2.912298421678299
2.881387487684492
2.8960033507604748
