11650528 2227446
11639215 2238186
11645885 2231903
11657862 2220134
11653727 2224095
11647115 2230716
11652609 2225056
11656622 2221227
11639341 2238279
11638566 2238928
11645378 2232418
11653018 2224763
11659339 2218662
11658718 2219134
11652788 2225064
11733939 2145654
11859513 2022606
11986340 1898185
12098780 1788157
12222712 1666311
12283132 1606860
12431465 1460798
12513771 1380263
12626204 1269375
12693304 1203456
12766837 1131047
12858094 1040720
12936111 964002
13012504 888622
13047278 854364
13152888 750142
13193008 710363
13255334 648682
13318067 586898
13362800 542663
13409543 496428
13451627 454815
13513311 393771
13567067 340522
13574745 332892
13608970 299034
13670764 237834
13678864 229823
13719371 189679
13751150 158100
13758717 150701
13783713 125933
13819215 90707
13826470 83519
13849979 60206
13853703 56509
13866275 44003
13879771 30575
13891117 19378
13895970 14569
13897958 12511
13903759 6818
13905201 5348
13909730 888
13909741 897
13910642 0
13910683 0
13910679 0
13910682 0
13910669 0
13910640 0
13910671 0
13910681 0
13910657 0
13910669 0
13910660 0
13910661 0
13910662 0
13910690 0
13910661 0
13910683 0
13910679 0
13910679 0
13910677 0
13910721 0
13910680 0
13910681 0
13910693 0
13910667 0
13910705 0
13910694 0
13910686 0
13910706 0
13910679 0
13910697 0
13910694 0
13910701 0
13910672 0
13910707 0
13910701 0
13910689 0
13910694 0
13910705 0
13910697 0
13910701 0
13910702 0
13910688 0
13910709 0
13910690 0
13910721 0
13910696 0
13910704 0
13910710 0
13910704 0
13910702 0
13910704 0
13910733 0
13910709 0
13910702 0
13910723 0
13910723 0
13910711 0
13910697 0
13910703 0
13910700 0
13910720 0
13910721 0
13910727 0
13910723 0
13910716 0
13910730 0
13910725 0
13910727 0
13910719 0
13910730 0
13910715 0
13910744 0
13910733 0
13910729 0
13910723 0
13910723 0
13910702 0
13910722 0
13910733 0
13910737 0
13910722 0
13910738 0
13910728 0
13910747 0
13910750 0
13910718 0
13910715 0
13910719 0
13910726 0
13910749 0
13910749 0
13910719 0
13910736 0
13910754 0
13910738 0
13910770 0
13910728 0
13910733 0
13910746 0
13910724 0
13910741 0
13910757 0
13910735 0
13910734 0
13910744 0
13910751 0
13910749 0
13910756 0
13910757 0
13910732 0
13910756 0
13910759 0
13910757 0
13910738 0
13910760 0
13910766 0
13910780 0
13910732 0
13910761 0
13910750 0
13910775 0
13910769 0
13910751 0
13910770 0
13910761 0
13910739 0
13910745 0
13910761 0
13910761 0
13910769 0
13910771 0
13910758 0
13910769 0
13910767 0
13910769 0
13910784 0
13910743 0
13910759 0
13910771 0
13910751 0
13910755 0
13910769 0
13910773 0
13910783 0
13910756 0
13910762 0
13910759 0
13910793 0
13910772 0
13910778 0
13910751 0
13910784 0
13910760 0
13910760 0
13910781 0
13910776 0
13910764 0
13910784 0
13910765 0
13910792 0
13910790 0
13910761 0
13910761 0
13910775 0
13910800 0
13910799 0
13910788 0
13910789 0
13910772 0
13910773 0
13910780 0
13910802 0
13910774 0
13910775 0
13910802 0
13910794 0
13910785 0
13910798 0
13910796 0
13910795 0
13910790 0
13910789 0
13910787 0
13910788 0
13910807 0
13910792 0
13910783 0
13910801 0
13910792 0
13910805 0
13910788 0
13910811 0
13910805 0
13910808 0
13910791 0
13910806 0
13910805 0
13910798 0
13910783 0
13910812 0
13910799 0
13910809 0
13910805 0
13910797 0
13910813 0
13910812 0
13910801 0
13910810 0
13910812 0
13910797 0
13910781 0
13910794 0
13910799 0
13910807 0
13910815 0
13910802 0
13910819 0
13910812 0
13910810 0
13910792 0
13910804 0
13910823 0
13910815 0
13910819 0
13910823 0
13910826 0
13910811 0
13910808 0
13910816 0
13910824 0
13910823 0
13910804 0
13910822 0
13910823 0
13910820 0
13910820 0
13910817 0
13910814 0
13910818 0
13910807 0
13910830 0
13910838 0
13910833 0
13910826 0
13910826 0
13910839 0
13910838 0
13910837 0
13910831 0
13910829 0
13910813 0
13910827 0
13910823 0
13910842 0
13910834 0
13910861 0
13910824 0
13910833 0
13910840 0
13910839 0
13910838 0
13910849 0
13910842 0
13910834 0
13910824 0
13910824 0
13910832 0
13910849 0
13910836 0
13910839 0
13910851 0
13910834 0
13910827 0
13910830 0
13910834 0
13910833 0
13910844 0
13910829 0
13910827 0
13910842 0
13910840 0
13910844 0
13910854 0
13910853 0
13910836 0
13910837 0
13910837 0
13910839 0
13910845 0
13910839 0
13910858 0
13910841 0
13910835 0
13910834 0
13910846 0
13910845 0
13910852 0
13910850 0
13910847 0
13910849 0
13910839 0
13910847 0
13910844 0
13910863 0
13910859 0
13910830 0
13910841 0
13910832 0
13910840 0
13910821 0
13910841 0
13910850 0
13910842 0
13910858 0
13910855 0
13910850 0
13910853 0
13910851 0
13910853 0
13910846 0
13910837 0
13910851 0
13910856 0
13910852 0
13910846 0
13910859 0
13910860 0
13910853 0
13910850 0
13910847 0
13910855 0
13910858 0
13910869 0
13910854 0
13910853 0
13910869 0
13910860 0
13910844 0
13910865 0
13910861 0
13910854 0
13910857 0
13910859 0
13910856 0
13910853 0
13910868 0
13910863 0
13910868 0
13910863 0
13910858 0
13910871 0
13910858 0
13910872 0
13910870 0
13910872 0
13910865 0
13910867 0
13910863 0
13910858 0
13910868 0
13910855 0
13910875 0
13910882 0
13910871 0
13910869 0
13910850 0
13910877 0
13910850 0
13910875 0
13910865 0
13910860 0
13910878 0
13910854 0
13910864 0
13910869 0
13910881 0
13910871 0
13910882 0
13910871 0
13910863 0
13910875 0
13910859 0
13910875 0
13910868 0
13910861 0
13910875 0
13910882 0
13910866 0
13910877 0
13910863 0
13910871 0
13910883 0
13910872 0
13910868 0
13910870 0
13910872 0
13910868 0
13910870 0
13910876 0
13910871 0
13910880 0
13910867 0
13910859 0
13910870 0
13910877 0
13910868 0
13910874 0
13910875 0
13910883 0
13910885 0
