4800989 979271
4803982 976638
4807401 973169
4809837 970995
4810273 970552
4802991 977443
4799359 981041
4798117 982294
4814999 965898
4797167 983167
4800617 979687
4811137 969701
4800634 979796
4807505 973190
4797704 982625
4807254 973391
4802271 978296
4799552 980941
4827019 954456
4871933 911326
4952096 834272
5012150 776412
5048444 741488
5096335 695066
5165165 628783
5198338 596563
5246190 550222
5301014 497068
5332295 466888
5370441 429857
5405974 395226
5436674 365381
5480401 322864
5500286 303452
5532798 271908
5558497 246788
5580450 225449
5609702 196782
5627795 179172
5647365 160035
5680322 127851
5681160 126886
5708171 100539
5725950 83133
5731629 77549
5744175 65296
5760305 49490
5767248 42645
5779362 30780
5781520 28696
5791304 19099
5794662 15754
5799567 10960
5804179 6411
5805734 4896
5807316 3342
5807986 2691
5810406 312
5810666 63
5810772 0
5810754 0
5810723 0
5810747 0
5810760 0
5810745 0
5810739 0
5810759 0
5810760 0
5810732 0
5810768 0
5810764 0
5810759 0
5810730 0
5810759 0
5810757 0
5810782 0
5810769 0
5810774 0
5810789 0
5810752 0
5810759 0
5810746 0
5810758 0
5810762 0
5810759 0
5810751 0
5810758 0
5810778 0
5810767 0
5810768 0
5810777 0
5810788 0
5810777 0
5810769 0
5810779 0
5810789 0
5810791 0
5810773 0
5810771 0
5810784 0
5810798 0
5810797 0
5810796 0
5810798 0
5810782 0
5810802 0
5810760 0
5810799 0
5810770 0
5810816 0
5810808 0
5810771 0
5810794 0
5810811 0
5810806 0
5810781 0
5810792 0
5810777 0
5810810 0
5810806 0
5810801 0
5810797 0
5810803 0
5810815 0
5810793 0
5810808 0
5810790 0
5810813 0
5810817 0
5810814 0
5810786 0
5810811 0
5810818 0
5810783 0
5810813 0
5810806 0
5810792 0
5810823 0
5810810 0
5810804 0
5810814 0
5810804 0
5810824 0
5810807 0
5810835 0
5810837 0
5810813 0
5810812 0
5810821 0
5810810 0
5810808 0
5810789 0
5810841 0
5810821 0
5810832 0
5810803 0
5810837 0
5810819 0
5810820 0
5810821 0
5810839 0
5810839 0
5810805 0
5810786 0
5810786 0
5810821 0
5810820 0
5810809 0
5810813 0
5810845 0
5810833 0
5810843 0
5810826 0
5810823 0
5810829 0
5810846 0
5810833 0
5810832 0
5810836 0
5810866 0
5810831 0
5810844 0
5810827 0
5810814 0
5810854 0
5810842 0
5810844 0
5810837 0
5810816 0
5810831 0
5810844 0
5810850 0
5810822 0
5810852 0
5810841 0
5810839 0
5810861 0
5810851 0
5810847 0
5810860 0
5810838 0
5810846 0
5810837 0
5810868 0
5810848 0
5810851 0
5810856 0
5810845 0
5810830 0
5810823 0
5810852 0
5810875 0
5810845 0
5810867 0
5810869 0
5810850 0
5810883 0
5810841 0
5810842 0
5810872 0
5810877 0
5810851 0
5810853 0
5810862 0
5810835 0
5810852 0
5810860 0
5810854 0
5810848 0
5810864 0
5810862 0
5810855 0
5810858 0
5810857 0
5810850 0
5810865 0
5810878 0
5810835 0
5810861 0
5810865 0
5810853 0
5810837 0
5810852 0
5810868 0
5810864 0
5810863 0
5810869 0
5810869 0
5810873 0
5810877 0
5810847 0
5810871 0
5810873 0
5810871 0
5810854 0
5810859 0
5810870 0
5810876 0
5810868 0
5810862 0
5810876 0
5810861 0
5810887 0
5810857 0
5810878 0
5810869 0
5810870 0
5810859 0
5810891 0
5810871 0
5810895 0
5810871 0
5810886 0
5810894 0
5810875 0
5810866 0
5810882 0
5810907 0
5810895 0
5810894 0
5810868 0
5810883 0
5810901 0
5810885 0
5810860 0
5810898 0
5810885 0
5810869 0
5810892 0
5810877 0
5810883 0
5810890 0
5810873 0
5810893 0
5810876 0
5810879 0
5810874 0
5810878 0
5810896 0
5810894 0
5810888 0
5810890 0
5810873 0
5810886 0
5810884 0
5810884 0
5810861 0
5810884 0
5810883 0
5810886 0
5810895 0
5810897 0
5810892 0
5810890 0
5810894 0
5810881 0
5810877 0
5810893 0
5810855 0
5810905 0
5810898 0
5810893 0
5810880 0
5810875 0
5810894 0
5810903 0
5810909 0
5810914 0
5810902 0
5810904 0
5810912 0
5810907 0
5810887 0
5810905 0
5810902 0
5810908 0
5810905 0
5810900 0
5810896 0
5810875 0
5810899 0
5810900 0
5810896 0
5810895 0
5810891 0
5810877 0
5810894 0
5810908 0
5810889 0
5810914 0
5810894 0
5810919 0
5810900 0
5810916 0
5810922 0
5810897 0
5810904 0
5810906 0
5810901 0
5810918 0
5810914 0
5810887 0
5810886 0
5810907 0
5810919 0
5810905 0
5810939 0
5810906 0
5810917 0
5810916 0
5810917 0
5810904 0
5810899 0
5810917 0
5810923 0
5810903 0
5810909 0
5810897 0
5810904 0
5810910 0
5810929 0
5810906 0
5810902 0
5810908 0
5810920 0
5810922 0
5810919 0
5810921 0
5810920 0
5810936 0
5810905 0
5810904 0
5810916 0
5810910 0
5810927 0
5810906 0
5810913 0
5810920 0
5810930 0
5810913 0
5810892 0
5810917 0
5810909 0
5810891 0
5810926 0
5810922 0
5810901 0
5810909 0
5810908 0
5810901 0
5810925 0
5810936 0
5810915 0
5810928 0
5810923 0
5810927 0
5810910 0
5810906 0
5810918 0
5810922 0
5810921 0
5810929 0
5810938 0
5810904 0
5810920 0
5810917 0
5810922 0
5810921 0
5810908 0
5810918 0
5810908 0
5810920 0
5810918 0
5810931 0
5810939 0
5810921 0
5810913 0
5810920 0
5810945 0
5810941 0
5810932 0
5810919 0
5810939 0
5810923 0
5810920 0
5810924 0
5810935 0
5810945 0
5810924 0
5810931 0
5810935 0
5810950 0
5810925 0
5810928 0
5810949 0
5810933 0
5810925 0
5810932 0
5810936 0
5810927 0
5810939 0
5810937 0
5810934 0
5810943 0
5810944 0
5810952 0
5810932 0
5810934 0
5810944 0
5810929 0
