19444037 3992215
19449893 3986688
19422457 4013839
19450346 3986064
19446958 3989252
19441444 3995100
19430641 4005696
19433914 4002504
19410807 4025715
19452338 3984183
19446190 3990363
19438381 3998069
19449393 3987301
19409512 4026738
19479987 3956893
19437909 3998384
19432911 4003306
19439196 3997486
19525270 3912404
19700582 3738448
20013418 3428935
20280179 3163941
20423483 3022504
20602758 2844833
20856006 2593786
21021097 2429783
21229702 2223101
21402995 2051046
21519933 1935177
21731142 1725409
21821149 1635702
22000383 1457627
22130729 1328341
22217512 1242471
22360084 1100890
22459746 1001827
22564152 898112
22659848 802775
22725172 737986
22791356 671952
22937215 527044
22964657 499698
23055858 409108
23135096 329967
23150079 315308
23196152 269528
23252996 212981
23297740 168404
23334737 131591
23354918 111527
23381188 85385
23401736 64937
23426093 40686
23441821 25001
23442828 24021
23455599 11333
23459244 7694
23465678 1268
23466722 256
23466974 0
23466967 0
23466956 0
23466978 0
23466982 0
23466977 0
23466977 0
23466992 0
23466983 0
23466983 0
23466997 0
23467007 0
23467009 0
23466974 0
23466987 0
23467004 0
23467003 0
23467003 0
23467005 0
23466987 0
23467012 0
23466991 0
23466997 0
23467002 0
23467013 0
23466993 0
23466996 0
23467013 0
23467019 0
23467022 0
23467011 0
23466999 0
23467014 0
23467017 0
23467020 0
23467032 0
23467021 0
23466993 0
23467025 0
23467047 0
23467020 0
23467017 0
23467023 0
23467010 0
23467015 0
23467024 0
23467032 0
23467017 0
23467021 0
23467018 0
23467042 0
23467016 0
23467025 0
23467011 0
23467019 0
23467026 0
23467025 0
23467044 0
23467020 0
23467029 0
23467030 0
