28.22760207923014
27.666175534262884
27.365347139321784
26.840698386435342
26.45327570546492
26.139464203591654
25.645235751939857
25.361573462021965
25.11907143614201
24.556252680610054
24.36303754802576
24.12394381308706
23.408955701322554
23.21229181083868
23.094394531838272
22.336143732703935
22.33657607170209
22.091137172636152
21.57687361309857
21.32046350835143
20.984187574157133
20.93448734182729
20.56441166954181
20.355521966857793
20.372208546769855
19.817550375113015
19.645474854714607
19.57874796075228
19.13309939774508
18.946538078384684
18.81884705901764
18.6644535549557
18.414967675815486
18.21938304138282
17.986205177962137
17.824358407845864
17.30800545136617
17.39955601850155
16.943239645051108
17.04648532607562
16.80335193921441
16.657682818585396
16.623591488005495
16.396771565131367
16.159991081397962
16.07030766153789
15.857563189770401
15.702219391577765
15.671732849825977
15.407679835483403
15.335134753649072
15.186044215382367
14.991875658711924
14.98662181273875
14.77847374877595
14.729278518387622
14.629953096360314
14.494909558647624
14.275837911975989
14.15834686636157
14.167974171492734
13.887645073403428
13.739506298785855
13.762665963523668
13.625485478025933
13.495929653509005
13.411898571697943
13.31166545110651
13.124611564699102
12.990406963670475
13.057871871319104
12.96466075233639
12.680593971187303
12.750300779686704
12.617313592581059
12.530276128435782
12.45213313342578
12.397029815338856
12.208879241964837
12.253903226728708
11.961747532229408
11.991212237633883
11.787347812877313
11.801604244254722
11.681812291427235
11.583579661629834
11.493865496828152
11.471123181124677
11.367922266388776
11.356753854851787
11.187113047348321
11.189741763801795
11.154762841045669
11.06904795770511
11.012731662943384
10.978985979689787
10.88388559985528
10.779895122038015
10.66969585862546
10.596322498376376
10.587329760167131
10.515639232819147
10.413179813730212
10.365689412690926
10.266695733161077
10.284736219741317
10.210419935514738
10.163916724302544
10.048432418191478
9.919326871750417
10.06125285271861
9.880240199250848
9.717773467690773
9.799373948212807
9.669994635310854
9.682645745029994
9.58856055927843
9.528594103496971
9.523091610561364
9.447299242175976
9.475503984582758
9.35634549666333
9.386239849130527
9.229410843673442
9.134670877504437
9.09781838402043
9.033943381884365
9.04466444453698
9.02177336263844
9.01303391167321
8.90193636825773
8.860025956580511
8.786576225823982
8.764692591621879
8.70516863042958
8.642071075086587
8.658906312311487
8.58318153203373
8.516075908947254
8.486804850083445
8.535861426559904
8.332415734600453
8.392950491166353
8.348883629521119
8.312174369476061
8.290049048638389
8.154777032872328
8.235767362220816
8.020386980868906
8.103568285013829
8.017010711656456
7.9794581570934
7.994690550814755
7.848898461255073
7.921660049551892
7.8568888548718405
7.802907527928139
7.766552238834213
7.715930198734122
7.765711224357633
7.722683247287016
7.598587917938335
7.649964126314989
7.605938374194009
7.614745796225206
7.569809354907338
7.503576610184282
7.410179102476025
7.455491775769888
7.329928098344571
7.362438728595416
7.3183911742304275
7.352205711932993
7.312423989633789
7.2479648003191866
7.203163801245561
7.171748423992628
7.040185325449632
7.052025863731215
7.076932386775016
7.058719383864791
7.012675782656361
6.981522126823561
7.023517697198031
6.981122332654768
6.869961960759421
6.926439713364353
6.843367748841331
6.865424128731798
6.853220663762636
6.83772883649508
6.7685973345123465
6.67956111249036
6.7070466685668295
6.594255080270432
6.618352687760325
6.609627575425214
6.565304097631045
6.516294656539412
6.484225334657458
6.476006160249417
6.501632674186504
6.479940756194788
6.388478980671829
6.398904243024017
6.361065878361596
6.349768502303141
6.345472411371986
6.314495755207167
6.294396625956793
6.286985468872067
6.18897661599708
6.2724380119378385
6.230266672302166
6.191420733459418
6.174196787288482
6.142871096274257
6.160321265030114
6.084422295067375
6.136437216581305
6.091638055301528
6.030857245693232
6.016593363753737
5.9727231298557815
5.936779354721489
5.916326644008864
5.893763789821515
5.956364469302107
5.824597243191602
5.893481481280739
5.860770764839747
5.794817387308233
5.827240362925923
5.766730417481677
5.747929078205812
5.774299348790906
5.737731808338949
5.744841139902446
5.649956147461335
5.662083988772383
5.681229906543672
5.660286754018279
5.616721244884291
5.621891482321335
5.597391220584232
5.545144157268942
5.497057299375087
5.504909000092027
5.515091920322789
5.486563115881568
5.453896225172393
5.439026487938213
5.4001056373594105
5.354138199066415
5.392972404543525
5.364596583853745
5.401082254771577
5.384093623510262
5.285323584657217
5.289592017229957
5.29100389167461
5.271729434637919
5.291471582233391
5.236321791346373
5.185494475695751
5.19921916604666
5.17989966774554
5.223047451687444
5.120494188566381
5.146421797479827
5.112808309200334
5.101313730791867
5.128784702509439
5.10243819398564
5.015175653753133
5.041072366221387
5.05539989760503
4.977022366910955
4.944446558242489
4.9861140393437084
4.948865889207182
4.965468676697724
4.930517451577753
4.904732504150642
4.917253952025108
4.92114050088526
4.8571484706296
4.865851526282672
4.812832087953384
4.882337023660858
4.852279738531504
4.815725740167943
4.773925142345707
4.790432347800809
4.731986837333045
4.736732810395231
4.719508173604611
4.7469993112871265
4.701450102727827
4.679183035887111
4.717845586416716
4.63491967990185
4.690176896242337
4.651035126645456
4.675378735695412
4.6445054631907805
4.615066371583252
4.597512118650405
4.618605121612688
4.5572818686187135
4.605533049971236
4.569334356765035
4.512759565220222
4.564377789958043
4.519220641831762
4.488922543730951
4.49038723788572
4.49282934804145
4.4652653754974745
4.433519974487831
4.471614009657824
4.429621066693398
4.426467922979473
4.421383580067934
4.422635139954264
4.406302668265029
4.378023087254533
4.348925364210186
4.372828113531877
4.367107709631841
4.386635938603704
4.35747711564859
4.303610175822524
4.3001800829027665
4.3010770380795975
4.30920487671764
4.2856307056534275
4.252546437948704
4.269896495431805
4.282979700815122
4.222262658693914
4.227225637036781
4.2229119495002125
4.136133406421804
4.2332164084728925
4.203589878574039
4.151205368319943
4.189618901246931
4.1265027443110505
4.165918134363328
4.177580441801997
4.1479519426031946
4.142306642053596
4.112157525779162
4.09048034485746
4.067835354215738
4.094361096286475
4.054221575622956
4.0845635654657375
4.039749164944622
4.0325511570185295
4.02968176923223
4.010623049028004
4.03012747519027
4.013817215729014
4.066170517499168
3.963249071423852
4.016313280896066
3.96186332540583
3.9712310250869813
3.929123366348674
3.919498353249423
3.9386728091434726
3.883311561930591
3.8793006400745345
3.8854988744281673
3.8726112554716927
3.91638480182545
3.8602476294634243
3.8448344938188552
3.8569800509591734
3.8195666509537114
3.8139253843246026
3.854210376810543
3.7490999468148765
3.7981929079434553
3.811326552128003
3.7814184087609695
3.773967869871922
3.779902583342537
3.7126301605183016
3.734902891406414
3.752946745828276
3.699904421317788
3.7062698280453925
3.736906122926905
3.6868271965516946
3.6664152983824123
3.675001261584084
3.6463262538460186
3.7004834631986023
3.6368405797454897
3.6354426816799785
3.6664321633260286
3.69728161816377
3.6665144266274
3.6279870438191573
3.5818810950937494
3.618020985761161
3.582113409991307
3.6110506069830763
3.564220354301806
3.578927787009743
3.5679926120507206
3.5524487713782444
3.576054276550854
3.5875833198979534
3.527156627301256
3.5427992814014533
3.5274124682174444
3.4898626135864332
3.5209247972584015
3.500674006841009
3.517497708837709
3.51377801553524
3.5092254476824607
3.47625171498114
3.4734100152313383
3.427648992536729
3.437555192233663
3.426704044869666
3.4679117663055874
3.428745316524682
3.445209590332031
3.424421805391285
3.437851454852539
3.404605936422099
3.4135407977800063
3.3981436533200853
3.4040544688694263
