20011922 4380125
20010585 4381249
20059800 4332236
20004408 4387515
20009226 4382235
20016383 4375248
20020743 4370844
19991281 4400183
20023101 4368927
19998482 4393130
19989202 4402284
20028643 4363440
19988408 4402969
20033182 4358551
20001729 4389733
20008552 4383018
19986392 4405072
20016866 4375034
20098148 4294190
20291141 4103275
20644053 3753739
20867568 3532392
21060491 3341177
21245726 3157404
21536054 2870121
21690225 2716765
21876519 2532167
22085453 2324892
22224452 2186750
22410577 2002109
22518914 1894577
22734866 1680407
22844613 1571363
22983653 1433259
23086798 1330355
23227177 1191304
23362173 1056846
23396761 1022557
23516850 903170
23613882 806716
23725445 695970
23787420 634248
23884305 537987
23976830 445888
23989083 433688
24055984 366720
24117564 305767
24161315 262313
24231389 192537
24240255 183772
24291877 132383
24314282 110024
24357458 67085
24360483 64068
24371579 53008
24391937 32736
24396044 28653
24412438 12045
24419285 5471
24423744 1058
24424822 0
24424847 0
24424832 0
24424826 0
24424822 0
24424830 0
24424841 0
24424850 0
24424846 0
24424846 0
24424865 0
24424854 0
24424838 0
24424823 0
24424838 0
24424834 0
24424844 0
24424830 0
24424855 0
24424827 0
24424868 0
24424884 0
24424860 0
24424852 0
24424863 0
24424825 0
24424863 0
24424843 0
24424862 0
24424838 0
24424863 0
24424848 0
24424865 0
24424877 0
24424869 0
24424854 0
24424885 0
24424863 0
24424866 0
24424844 0
24424875 0
24424873 0
24424885 0
24424873 0
24424887 0
24424861 0
24424867 0
24424876 0
24424875 0
24424881 0
24424891 0
24424869 0
24424890 0
24424872 0
24424888 0
24424895 0
24424874 0
24424890 0
24424881 0
24424907 0
