29.497517684037486
29.459131093042874
28.614080116808935
28.28982170509081
28.00250304292458
27.40644295776429
27.061801605086167
26.54366874347139
26.35736655966422
25.776188912636535
25.544523909911184
25.221005994474364
24.686994889814855
24.449781583050317
24.240936193348695
23.935946718193396
23.22675303158645
23.018177053113043
22.70319401550316
22.39593981308417
22.183124296845918
21.75868354279782
21.865180888253317
21.42537711647758
21.311923361640083
20.933565211418387
20.69246324311107
20.381605221914583
20.318455370106996
20.169836728503814
19.784269454554344
19.62447155153443
19.31888613927805
19.24423474529101
18.813073535984334
18.662387627273944
18.528072816048525
18.420527934065664
18.189559213915125
17.931993743718543
17.63938297858128
17.411949549081193
17.395055923261463
17.298762195230644
17.101991503520438
16.847056487326185
16.72903776184603
16.54251660642894
16.511201865035336
16.442986325830887
16.058986707752606
16.031859939137505
15.848327921958544
15.80716740327548
15.532377200403493
15.418125592471672
15.19403381800114
15.013081761886815
14.988289774570788
14.800864143599052
14.829017232018982
14.698376979226138
14.517149226347323
14.449307189618754
14.207959159162565
14.107686219474612
14.171370568858357
14.001391823690414
14.007081856839267
13.73759996186393
13.608586003319598
13.497882246030622
13.49049071478505
13.374252240433858
13.140258624746252
13.064562860943688
13.061974061083655
13.025656608721594
12.799383954683936
12.911494088838396
12.685349790012788
12.585751781142054
12.532960936359904
12.433785797722567
12.272862847900791
12.224807469933829
12.213767914632301
12.057183744844277
12.078735419748583
12.002684035446
11.71852718305411
11.731431666384365
11.57564173104217
11.62054402060906
11.538063424498505
11.469736141746534
11.485920827646005
11.409948661876797
11.308505749095861
11.046036978756183
11.126690982629157
11.096989991850805
10.860636112896078
10.913163542313269
10.850975577455166
10.755843043535355
10.80502788132128
10.669983002632005
10.576640515968126
10.481494246503742
10.485445655087073
10.39289428863212
10.215416563497207
10.296985327740865
10.18826200022304
10.08654653827615
10.046899047161418
10.060305261976955
10.010764347032335
9.92033994091096
9.912182881532454
9.809880693349188
9.803359034296031
9.680006303061738
9.596998033502468
9.68665595347934
9.613103379916605
9.500962575043506
9.371169904217561
9.415347414163694
9.314958025055212
9.357298249829388
9.28566478708408
9.182223409992627
9.159935012805544
9.137822911918104
9.112320397342263
9.048695338701183
9.011417759815679
8.994197395069772
8.882671593807231
8.815431591080198
8.857065283972794
8.683028907283806
8.788748199135275
8.676383156410157
8.696878432028065
8.537723777948226
8.605670067937263
8.546119161907917
8.500589452045723
8.468973783621777
8.318159895467371
8.32766095663078
8.310867073132368
8.29747238938646
8.269022523719798
8.131383182069362
8.113771624999085
8.098824996945083
8.111802783271902
8.015464048727381
8.04641776107066
7.9969837131345916
7.91878488301024
7.847057348799953
7.9400065995799425
7.872220147555488
7.771885310990902
7.761078667613193
7.745517868437878
7.667210333327439
7.67075455119656
7.6447158669576085
7.557085355471326
7.489784437157141
7.576043599746285
7.563217061231263
7.4657885922069775
7.507469436998835
7.4262385235363695
7.3663777213562565
7.310083601847636
7.301025763557545
7.2711729225319806
7.29944944261309
7.319294198491812
7.209207195682734
7.207025703599936
7.1248199103973775
7.108776470631746
7.1150233870311235
7.029234812470631
7.078461361862071
7.026825259326927
6.926174200564981
7.000678515207509
6.931865391784958
6.87051244712811
6.847412275846191
6.898237765484937
6.802737961593741
6.805497705102507
6.812271512487268
6.692964629474568
6.661391437099091
6.718502106536215
6.66466917241256
6.660636618747092
6.600456023747782
6.568168683812373
6.583228398030673
6.520303981296111
6.555459956361756
6.5073984395592195
6.450973925931476
6.369009167920049
6.412311167478442
6.364492341115624
6.371939929035841
6.325505673148859
6.276050005172474
6.311689855124473
6.23644336932957
6.201622880128878
6.2142412605859665
6.224958564001991
6.209330882462457
6.1533945174133535
6.167018713217817
6.1226405306480505
6.108457475733496
6.1230433720571495
6.0500313338952125
6.017868806004592
6.006706515474741
6.002449334452349
6.015901899041944
5.95308500712833
5.98206565784501
5.891224015357945
5.900481893950072
5.8699837441258165
5.844334631388974
5.884446533007871
5.803519577478264
5.814128568894728
5.8100008958697895
5.812119946327086
5.790020763144676
5.755172847318245
5.704701351928634
5.699688624478495
5.69879019912989
5.710843196155408
5.688776252169612
5.626867808511657
5.5709998344605856
5.586190944212131
5.537827054847389
5.579286847122635
5.589580447033795
5.532812083590793
5.507697188538305
5.480951822588918
5.458558492009097
5.444923648293343
5.433060686816207
5.411919059113177
5.427705089398046
5.388854692094435
5.382500999477811
5.357839606938557
5.370074243556758
5.319880125358959
5.337308438921363
5.328137884126599
5.275459038942809
5.284679764865543
5.2454661526088495
5.181952848398055
5.1976930123096015
5.216887139590062
5.188208828383267
5.184725791349138
5.213105586548362
5.160942655344945
5.100663765269467
5.101158040875089
5.102595787852461
5.082118060407988
5.065438152669781
5.068831641385334
5.024617149980049
5.0002019190878855
5.00297165117966
5.026775699868613
5.032844118764433
4.972740353956902
4.95007015748771
4.977159496120009
4.901414456073744
4.90927423410229
4.9048808742645456
4.8868939745098965
4.8103586098067534
4.921302530322737
4.8486518726715255
4.843669445778721
4.849520339560354
4.770502784199571
4.832191668509058
4.7400150566598995
4.777762222976907
4.742820124992404
4.766608587174801
4.66151374968902
4.719664021461449
4.694758127434383
4.678126258328657
4.6998837292647515
4.670853777755315
4.69704771767184
4.609048360929864
4.5906032376039345
4.615567165031812
4.629188177756982
4.580296805836634
4.574745510278808
4.6032388212500175
4.538619416285829
4.53284131287073
4.516521802254692
4.514186384012737
4.528558863825151
4.505515504565073
4.4646757284497465
4.466430425445992
4.447518999000822
4.441224631794084
4.482625689170835
4.447364028037462
4.431358983753599
4.425485450650449
4.418701359769312
4.376576378408517
4.383809883517634
4.386789639732205
4.3494821858426125
4.354573080776481
4.329509387702956
4.340305134596042
4.295345471949272
4.310298860496141
4.289834845857449
4.229332304327647
4.289493792305093
4.2807655749230324
4.26169511966423
4.275042317856687
4.2535799090579705
4.245977999256347
4.229129476351198
4.205275363983445
4.206250327180488
4.193173657717512
4.17991230023456
4.179072180564495
4.154977617407167
4.171012465263529
4.1085833389171995
4.09248346908762
4.132339373812229
4.1356309452998286
4.107834388178849
4.078108305150945
4.086880446277242
4.120222412657791
4.124444146024762
4.038332595817929
4.042238312725148
4.036839212906676
4.049871937657427
4.033269832952929
3.9922925501828015
4.01357675981315
4.016054974915312
4.011763924045258
4.025857160223218
3.987586247214972
3.9525034948554096
3.930243920447731
3.9555994082167123
3.922541595545358
3.8990583318876997
3.932486689316447
3.8965710934597424
3.8579065326923687
3.895977624729992
3.8661216644850813
3.867097345611523
3.8991730096596164
3.848979670990848
3.8226166842477256
3.8655869597079917
3.808198175948728
3.8053948135414157
3.7599465621227592
3.829108239816765
3.775475870165064
3.771136493641011
3.7704593864052915
3.7786178111804816
3.752147511915914
3.80520658520617
3.7242071918398505
3.736109533781632
3.7492417582621878
3.7213362513771924
3.7198468856719407
3.6804009817173755
3.7084690982895725
3.7008095183114618
3.6701601090927283
3.7059521567458704
3.6704005464683975
3.650839884070915
3.634646905193313
3.635736631926329
3.639092290602914
3.679713954053195
3.5788026189893394
3.592404160306069
3.5733291750795226
3.624305896140891
3.5590844605335996
3.5945588003841387
3.5926666178407913
3.579297100580743
3.544043187767988
