31.009042002258575
30.569031779995374
30.235673630684065
29.75654305077316
29.20741634977278
28.742230233422234
28.393583351008157
27.983810237694634
27.812157710463406
26.93776934051579
26.81923890471744
26.411760954476613
26.0023471759961
25.916466036962237
25.358905362773513
25.01683840746842
24.74740578672062
24.08979965704002
23.94844583256734
23.578564028445378
23.4542461292783
23.040623622549333
22.81539326791155
22.716873314451345
22.338040503750825
21.8615181814487
21.68990827555799
21.726425284302426
21.206928993398044
21.012207692223157
20.848234757891987
20.579490165196418
20.10421714992021
20.271689402550436
19.774439138872395
19.581647969742036
19.297365488632853
19.038065349966054
19.007556863276847
18.76151938515313
18.51551506431899
18.35223778683334
18.13512870366255
17.990360605954372
17.917515621669374
17.667548259257043
17.605400547090326
17.419694280477863
17.26765733802415
17.09399536784016
17.009649972064565
16.75578786936787
16.572906105211928
16.508121841198555
16.40334327952436
16.166876697565566
16.06035554175214
15.8928276608877
15.863586144344971
15.70567125022885
15.65130922729058
15.474847413898347
15.21802450104679
15.146512676030772
15.075012637772938
14.868607731604556
14.895182260165784
14.713333533462901
14.45919844537223
14.412168356743578
14.499280344218377
14.181795989408075
14.144388357716457
13.884905342794697
13.974311123107364
13.75865277818837
13.645134952285712
13.496600504545782
13.620749750506915
13.32542449726894
13.300901442117647
13.18666546230207
13.122354019643808
13.119292459215124
12.919156175486519
12.802634373564507
12.764178534710855
12.677062162280876
12.614036841967181
12.487124610147726
12.513508893966607
12.23737493018507
12.12293653496099
12.281342566662147
12.0477145200669
12.03343745747602
11.915831884106638
11.781428635412464
11.785446230199096
11.77199995259125
11.74565926137002
11.596825002494505
11.519852669068335
11.421195833669515
11.383298612258534
11.209168526077432
11.240092396924167
11.111832532686867
11.140058089993827
10.994755447704346
10.978658642992656
10.859382244990599
10.84410983522992
10.842752690993319
10.7783022326391
10.659419501418121
10.608400702216468
10.501948232640064
10.483481318975329
10.449548876672374
10.34605145175269
10.23340969944765
10.27914910850025
10.19991558451552
10.148202361318173
10.106161673654022
10.088814535950323
10.012054753615192
9.965188921766849
9.923402175021554
9.77141310309512
9.831159197759213
9.65887461404818
9.684024941320512
9.578133403482571
9.534176811943142
9.607274977168899
9.44795181758824
9.472344609594643
9.422407110189274
9.271026064098596
9.289289476996558
9.304098254713512
9.132020968710115
9.17604355949631
9.092527922116545
9.001859856053436
8.93148707854352
8.919336449246252
8.892775203267183
8.896946411336316
8.865457151990132
8.814671254355197
8.768076274867347
8.765273968243147
8.697842363305238
8.62060051290405
8.570751300830292
8.592253828816009
8.508002767606968
8.498359913583887
8.354736188888673
8.406542001440336
8.342720673907461
8.278965646532814
8.239338331007694
8.248686336434803
8.158331981250585
8.175297159416498
8.09720353726
8.139434126251276
8.025213292892882
8.039845500186384
8.036930892789469
7.898515308579147
7.965316121893581
7.95575283143396
7.86777929042072
7.884233419279335
7.849719608843855
7.7238846371227785
7.8039109309608925
7.696699110746281
7.724416774819001
7.614268527335581
7.596539765801815
7.531155368017664
7.543063966663812
7.450093805025599
7.4660787573831024
7.494660762342255
7.435888600595853
7.450450855079337
7.34985981500834
7.393992460006547
7.369500573804637
7.270423250125004
7.252832866460114
7.234091173174147
7.236616193693249
7.187695766808574
7.166823603708272
7.080236996881945
7.13451575569128
7.032118375055234
7.0744744242241
7.062945660325766
7.009650903885959
7.014314722885765
6.939175238324924
6.906566654476019
6.858411305321868
6.875406230392969
6.886163375848556
6.850400371266495
6.755864655644314
6.77372114620656
6.786890449235607
6.679075141613994
6.725949099953759
6.674239425356177
6.6738123471244215
6.667271975276171
6.559854867063909
6.554062310194002
6.542268461595368
6.501995402145613
6.5157273216469545
6.48810167521784
6.465380886156207
6.42603410456758
6.347987669709414
6.35310476751302
6.361119232666391
6.338515657610223
6.344766680027071
6.291018505921697
6.246337245257609
6.3170821000709
6.198010314807343
6.233009443024559
6.218819705971361
6.167088050070708
6.156624996429955
6.1289694045489576
6.069083970795327
6.13824197152807
6.070527536567076
6.087113072697912
6.033091632721835
6.005846072574962
6.0127334624832205
5.992591745833465
5.94052779157023
5.9265816900907335
5.941336204162708
5.885339540063273
5.923343876660619
5.918168637555291
5.894671508300953
5.803531512669212
5.837323173142599
5.741623596459376
5.797108686533226
5.746082143165317
5.727316761075235
5.708939514693766
5.740740062138798
5.66708903643178
5.7019178143898674
5.602562179834331
5.638983593186681
5.590974474465194
5.625173300928118
5.605333152507715
5.6140149963811385
5.611574661190934
5.572689015035439
5.534813729843506
5.53643026190226
5.49416304975814
5.493414665434647
5.472692875096068
5.476558205848687
5.464737567862381
5.40102251126674
5.390191192039806
5.395329547346909
5.3393858981477775
5.333559082490228
5.304475997560594
5.391441623285446
5.295559480841048
5.292300436546148
5.220046309078498
5.2386670893287555
5.236183344077535
5.257607051413718
5.2373056481053935
5.167581293286826
5.22825971702309
5.176116848651018
5.175175383928854
5.09808437727534
5.076882103065746
5.126644650113112
5.111040209662503
5.0967364453095705
5.075170633842458
5.045264901484209
5.071083705961055
5.036730039724014
4.969045719432115
4.994675811204133
4.976041865234651
5.017665305318794
4.957070093302227
4.95953897897887
4.969374606450549
4.863997629498368
4.9549265167020575
4.853699851936181
4.849882923750902
4.885017572111974
4.908018226103918
4.843269538702186
4.857569610802157
4.800672841675362
4.7757835620962945
4.812253405513575
4.834533884205689
4.7825862520392635
4.768515586760859
4.702923912523227
4.708282300946037
4.785049795007069
4.682734933890151
4.680746799361441
4.682328381153747
4.629708410699779
4.6144473097738
4.661777662809227
4.6370172035906645
4.620600285118771
4.683991148732952
4.581980913924963
4.586645490781348
4.557046891432492
4.560707685547664
4.513962754137351
4.55124754109288
4.517580345136343
4.526753204200486
4.522694565992179
4.4940524335165986
4.4853152561285565
4.522948511235816
4.4642719834061975
4.500347430020945
4.4765745024113945
4.424341099007252
4.462679503225154
4.480969245115942
4.419071042607561
4.369858621899784
4.434826480950409
4.40079655253252
4.384354286068888
4.348746951261421
4.339710695588758
4.318595857430655
4.3203804792858325
4.334111387453367
4.316109434104906
4.322105082067791
4.282263693837853
4.292733141213439
4.298197214552603
4.24467450008874
4.300997300526042
4.225676669662152
4.209992084654568
4.237750832099971
4.228926594294717
4.220334935025448
4.207832198063434
4.228483565288489
4.1876374279796895
4.143562074878968
4.168207444826077
4.152231594165274
4.180320098276845
4.142424572155528
4.131860128052758
4.120267291577725
4.129521582439759
4.110890629754813
4.068134164834426
4.122768827815161
4.122555624382853
4.082360658877906
4.072863384703051
4.052422470148977
4.038420323773098
4.05571861752639
4.002219015493629
4.049936855068973
4.056580810112882
4.033760085327321
4.000132549494552
4.00670894994666
3.9337025042842764
3.9784811705634455
3.93677813297983
3.911919484501291
3.9615061937888094
3.966737166186431
3.934872974471891
3.8869831741387904
3.8936396960949646
3.9421008683562992
3.8904382531367308
3.9056229188880027
3.85880130839937
3.8839967507824986
3.850402630571864
3.842694392293615
3.8454053076001062
3.8308435595238506
3.7876279095078647
3.8271362648741523
3.829735933573104
3.7659096925841844
3.762999454810188
3.798482510772942
3.7693155828176668
3.798069805934774
3.7878775027654252
3.761436777297276
3.7521704548908383
