5217749 1266414
5218940 1265203
5215888 1268222
5211409 1272719
5208836 1275458
5217411 1266924
5218474 1265720
5210241 1273935
5224365 1260034
5214812 1269279
5227374 1257003
5211224 1272721
5216260 1267875
5213969 1270448
5212856 1271172
5217541 1266749
5215751 1268525
5216518 1267768
5240086 1245405
5289366 1198038
5382973 1107904
5453310 1040074
5497620 997835
5557933 939219
5629926 869737
5678868 822326
5734699 768368
5794965 709966
5829842 676189
5886530 621207
5913211 595360
5962858 547041
6014268 497085
6038785 473229
6090785 422568
6112186 401663
6152505 362425
6172878 342389
6200830 315043
6227177 289333
6271056 246398
6280490 237207
6310984 207408
6339733 179222
6345826 173196
6367928 151568
6390629 129415
6409367 110974
6425947 94700
6431937 88795
6450296 70767
6457011 64195
6474498 47017
6480967 40644
6484731 36960
6495678 26176
6497793 24095
6505808 16181
6510270 11809
6514778 7393
6517211 4990
6518020 4201
6521028 1246
6521451 832
6522217 71
6522309 0
6522326 0
6522316 0
6522299 0
6522331 0
6522328 0
6522315 0
6522320 0
6522298 0
6522294 0
6522299 0
6522314 0
6522326 0
6522326 0
6522292 0
6522316 0
6522327 0
6522335 0
6522319 0
6522338 0
6522352 0
6522327 0
6522337 0
6522339 0
6522312 0
6522339 0
6522324 0
6522332 0
6522346 0
6522343 0
6522340 0
6522364 0
6522348 0
6522323 0
6522331 0
6522359 0
6522329 0
6522338 0
6522325 0
6522356 0
6522344 0
6522352 0
6522352 0
6522346 0
6522362 0
6522340 0
6522350 0
6522376 0
6522347 0
6522330 0
6522356 0
6522374 0
6522367 0
6522348 0
6522376 0
6522379 0
6522359 0
6522365 0
6522367 0
6522323 0
6522354 0
6522372 0
6522366 0
6522322 0
6522387 0
6522373 0
6522377 0
6522365 0
6522377 0
6522379 0
6522370 0
6522377 0
6522375 0
6522376 0
6522388 0
6522393 0
6522374 0
6522385 0
6522373 0
6522373 0
6522389 0
6522391 0
6522365 0
6522369 0
6522389 0
6522373 0
6522370 0
6522381 0
6522376 0
6522367 0
6522404 0
6522363 0
6522383 0
6522392 0
6522362 0
6522369 0
6522365 0
6522397 0
6522370 0
6522390 0
6522388 0
6522387 0
6522373 0
6522392 0
6522402 0
6522407 0
6522383 0
6522377 0
6522386 0
6522386 0
6522395 0
6522390 0
6522386 0
6522400 0
6522387 0
6522389 0
6522393 0
6522394 0
6522409 0
6522412 0
6522388 0
6522416 0
6522401 0
6522415 0
6522393 0
6522400 0
6522431 0
6522405 0
6522388 0
6522413 0
6522409 0
6522428 0
6522397 0
6522403 0
6522408 0
6522395 0
6522434 0
6522429 0
6522411 0
6522415 0
6522398 0
6522394 0
6522429 0
6522425 0
6522414 0
6522404 0
6522408 0
6522403 0
6522394 0
6522427 0
6522428 0
6522417 0
6522409 0
6522415 0
6522419 0
6522415 0
6522425 0
6522429 0
6522434 0
6522429 0
6522420 0
6522405 0
6522403 0
6522431 0
6522401 0
6522433 0
6522424 0
6522426 0
6522419 0
6522417 0
6522410 0
6522439 0
6522424 0
6522442 0
6522406 0
6522425 0
6522438 0
6522416 0
6522431 0
6522424 0
6522418 0
6522438 0
6522445 0
6522420 0
6522433 0
6522441 0
6522416 0
6522443 0
6522430 0
6522432 0
6522431 0
6522426 0
6522432 0
6522433 0
6522429 0
6522465 0
6522431 0
6522422 0
6522419 0
6522421 0
6522436 0
6522417 0
6522429 0
6522464 0
6522431 0
6522451 0
6522451 0
6522441 0
6522429 0
6522435 0
6522441 0
6522435 0
6522413 0
6522472 0
6522421 0
6522435 0
6522455 0
6522455 0
6522438 0
6522436 0
6522426 0
6522438 0
6522456 0
6522450 0
6522448 0
6522450 0
6522436 0
6522456 0
6522439 0
6522430 0
6522434 0
6522444 0
6522438 0
6522440 0
6522468 0
6522452 0
6522435 0
6522424 0
6522443 0
6522449 0
6522461 0
6522462 0
6522451 0
6522424 0
6522446 0
6522429 0
6522443 0
6522448 0
6522463 0
6522426 0
6522445 0
6522444 0
6522437 0
6522441 0
6522454 0
6522465 0
6522445 0
6522458 0
6522448 0
6522470 0
6522428 0
6522469 0
6522452 0
6522453 0
6522443 0
6522465 0
6522457 0
6522461 0
6522460 0
6522448 0
6522456 0
6522456 0
6522452 0
6522454 0
6522465 0
6522465 0
6522482 0
6522458 0
6522459 0
6522438 0
6522458 0
6522460 0
6522458 0
6522460 0
6522475 0
6522474 0
6522459 0
6522457 0
6522467 0
6522468 0
6522459 0
6522450 0
6522449 0
6522466 0
6522449 0
6522465 0
6522445 0
6522459 0
6522472 0
6522470 0
6522460 0
6522471 0
6522470 0
6522466 0
6522468 0
6522456 0
6522458 0
6522470 0
6522474 0
6522462 0
6522482 0
6522451 0
6522467 0
6522467 0
6522481 0
6522464 0
6522454 0
6522475 0
6522475 0
6522465 0
6522487 0
6522455 0
6522463 0
6522474 0
6522494 0
6522474 0
6522485 0
6522489 0
6522487 0
6522471 0
6522459 0
6522471 0
6522464 0
6522488 0
6522473 0
6522466 0
6522481 0
6522478 0
6522461 0
6522455 0
6522479 0
6522458 0
6522485 0
6522464 0
6522486 0
6522477 0
6522496 0
6522475 0
6522504 0
6522493 0
6522499 0
6522489 0
6522469 0
6522475 0
6522496 0
6522479 0
6522479 0
6522484 0
6522479 0
6522485 0
6522491 0
6522483 0
6522501 0
6522503 0
6522492 0
6522471 0
6522496 0
6522484 0
6522479 0
6522500 0
6522476 0
6522462 0
6522478 0
6522513 0
6522486 0
6522498 0
6522494 0
6522496 0
6522481 0
6522498 0
6522493 0
6522490 0
6522505 0
6522510 0
6522494 0
6522483 0
6522488 0
6522490 0
6522495 0
6522506 0
6522488 0
6522498 0
6522482 0
6522490 0
6522502 0
6522489 0
6522501 0
6522481 0
6522501 0
6522485 0
6522506 0
6522500 0
6522499 0
6522505 0
6522511 0
