32.13285287894285
31.575630117002376
30.725792989008394
30.34311304779788
30.113796558205557
29.461590469734546
29.03711155002846
28.825424512515664
27.97477443835792
27.54172700519818
27.292998366542005
26.941219021564404
26.74817032788166
26.5333483395563
25.70121206959181
25.58034781679571
24.937947587878433
24.718625089098808
24.306996850411913
24.329404766201563
23.823084145562433
23.648325436504155
23.54816104766541
23.000195052108822
23.037042730090125
22.57901041365937
22.35706953934341
21.9559313730566
21.726144986774365
21.68135511599576
21.054381900558145
21.000765891240597
20.8670570094083
20.3789922665858
20.19834012985055
19.995812042882974
19.915262772802976
19.559597085562668
19.31317264618523
19.21067935332348
19.07556089276319
18.853612030723763
18.64287524757159
18.54642941300186
18.379926073827473
18.150571226904503
17.956948379165638
17.671225785523326
17.72671301502326
17.55981607119672
17.22817102820186
17.094762661655658
17.151334143821586
16.896409351289947
16.502456454213146
16.732136244541437
16.681197833441857
16.345182984471556
16.168878745919855
15.983646222323317
15.771827172344308
15.79995145970867
15.64510831569327
15.602744098340422
15.417651971102137
15.257460028964768
15.213668456269279
15.133098877792508
14.915512811688075
14.890751272207055
14.676504064974928
14.554364513494011
14.3426733812847
14.313095859698297
14.136134689209438
14.05087777350176
14.044528297570363
13.905444332111871
13.920659553053042
13.649721120886817
13.68090999662124
13.437805723859414
13.385599773459917
13.396562717573818
13.313876929562321
13.231575053835604
13.130583758199446
13.015374865079313
12.806517355720985
12.76300608173819
12.841590705197337
12.687530962465122
12.630366236632636
12.45985324664165
12.456892431577462
12.3277150246441
12.335401596419556
12.156561871948975
12.182188984368384
11.921548423998384
11.913615535789713
11.819681047831637
11.782570299273997
11.689948875173544
11.676755807078667
11.603843654318304
11.468290154869829
11.463260446708038
11.295053193252393
11.414052366979128
11.27986957143999
11.112188592629927
11.16617932513278
11.098696071051558
11.041740918899695
10.896758184644725
10.883076397303121
10.792887829363956
10.748658785218913
10.598231196494387
10.583476377272419
10.477213088573514
10.499194431349387
10.470572911975577
10.480306398693026
10.253751795005442
10.31597291076052
10.16792474517935
10.162368730622681
10.071036664112647
10.027643422064767
10.006115935830548
9.917676355445783
9.946220584522644
9.805956190869153
9.709879635697266
9.769763610476538
9.748438210066475
9.562569426390946
9.559503900081182
9.56135336463998
9.54765822433993
9.522202614776406
9.336051220265611
9.424253072429487
9.380525507767693
9.275653110394206
9.29060303226078
9.185177058586827
9.216730703093015
9.06505787383297
9.066600903390793
9.031745593846523
8.978211614884753
8.972455082796023
8.870703242038262
8.828753642255679
8.745145252449948
8.792052892826787
8.735243759411766
8.644884999630857
8.712853898029657
8.625858888284416
8.590888158760823
8.493654716911706
8.468617063473248
8.424484972380569
8.397219869270057
8.425989755403657
8.308817997255689
8.396905010422488
8.270164860361506
8.194585999330972
8.223343734776536
8.186094774172808
8.071788173320364
8.105617754541559
8.05350648159926
8.016412397208558
7.965605608274612
7.933700224258159
7.965432735016679
7.90146419008674
7.887066177608449
7.833635341171662
7.742545899897868
7.74625967758473
7.701231993336657
7.750743585739293
7.678932097674214
7.683036300411313
7.6556519575910436
7.602570145945528
7.584963726670721
7.561316922316108
7.43394736556103
7.542770985891866
7.496391936388984
7.403169745990337
7.455654558467233
7.339827748312473
7.309567331438349
7.282244450535895
7.308243198346736
7.203417732920964
7.222480542884087
7.201229470916344
7.186414953452286
7.185635723542996
7.086311993392037
7.026934261833754
6.992394090880998
7.030149926566107
7.014726455921382
7.036508811185058
6.9508904486729985
6.940424471798092
6.933129744057751
6.8892919756694395
6.8587269304767915
6.832011587457973
6.845341189704493
6.81778212150087
6.7694112589216555
6.779727911442542
6.719382198975682
6.632471262821423
6.5675641126044955
6.6417956124584405
6.602982283237886
6.5355339714299046
6.57439684947037
6.536027806755401
6.486619796108312
6.419883578932104
6.493653893746682
6.460402564317835
6.450927370352378
6.372735476396956
6.362021543431524
6.408673405307965
6.417062206008595
6.292559253775889
6.312476535054804
6.269799081562597
6.279241362649868
6.258929652380748
6.229607592913785
6.183150460416419
6.219471826549861
6.1080298970271265
6.161065235877591
6.124882201232204
6.160613966284545
6.124590420419327
6.0896018738872275
6.057981558201098
6.066583473206033
5.975509052348816
6.051776334557914
5.9376208677733535
6.005175046964668
5.951602000330434
5.9188769933756475
5.91128083624717
5.912651057026277
5.8566076401992815
5.836564102978759
5.82732345319426
5.815923321080364
5.775311985016302
5.7800463604416725
5.764524660111119
5.73355311547125
5.728340430194203
5.742533025863788
5.729510866539554
5.681646349435278
5.622993661552801
5.616384677766655
5.634301994183861
5.662938225359158
5.561596557710118
5.6175732532946885
5.523929429755038
5.537880424588252
5.537638701814603
5.531028005674398
5.452548968615865
5.45482285200838
5.533503516952705
5.495491992502911
5.399557612405335
5.434478473795398
5.438056013354926
5.376685485601729
5.374348817408249
5.332679277222235
5.3627854029091395
5.3342017023846875
5.33349313139936
5.339431678906103
5.257700093161793
5.274051912025625
5.2271684536254455
5.258609729789237
5.219136449806456
5.214352492473818
5.174621128281064
5.218370556318492
5.172109427741516
5.1665986075552635
5.16305327987804
5.107488652099871
5.122939451484422
5.090556988620484
5.075225308882559
5.042936052557488
5.086093383838954
5.062885269752751
5.009334688953702
5.0124522327676235
5.0195574017831674
4.966206928389579
4.978432018321246
4.976042483246399
4.947280954145219
4.904779827806497
4.945961023934933
4.858685742366515
4.913427876731687
4.891031575430148
4.881817525023175
4.880848002411312
4.825833506891013
4.785165344675324
4.823654442451066
4.839214511718328
4.797213437064947
4.792920340870182
4.773518613710509
4.762767212567887
4.768502689577544
4.743948341611642
4.735439150008972
4.685822187523836
4.683507291042476
4.694029309401794
4.679351143586416
4.65867058899169
4.690089293641085
4.629737053948356
4.689944746087438
4.607967691342083
4.608261763952873
4.6059838936345745
4.600274876392877
4.574354310090994
4.60674621024531
4.586385134912271
4.531675396247579
4.524924774120584
4.519773026514422
4.522852850675406
4.477702570785696
4.503808911057659
4.480334930063782
4.458442038511507
4.462419103673885
4.447765580860053
4.449025244863856
4.415465077116596
4.447321611986881
4.4011365267430165
4.391008315227827
4.3959623382832795
4.353345160912323
4.377921658634425
4.396877004173664
4.373184345390827
4.367861577195663
4.3907712831748995
4.3069831545949455
4.316544819622072
4.297977895212593
4.308782209194014
4.30110030005228
4.3121434254688324
4.2933284305134425
4.2959930119801815
4.239164402922306
4.26178673833024
4.254999732154801
4.24665247216938
4.222759413546719
4.176338748328453
4.2083047307900845
4.210795874733067
4.1912559968604235
4.186719608733224
4.1333055483043335
4.1919055554651
4.136196968581426
4.172842523745457
4.142221870111417
4.098843924403605
4.098213169599763
4.109583912259377
4.110010309386235
4.102382624007691
4.100079446970949
4.067850394875062
4.073812565739361
4.039880978308156
4.047550786407919
4.037376185612612
4.077195395913787
4.058190428024108
3.9809947322199015
4.009178550846377
4.029675766328378
3.9425571328479054
3.973311316102827
3.9193287311537754
3.976365719994326
3.912723634804397
3.9430845141493367
3.973093983814631
3.9165444385115276
3.9164552752262805
3.930092475430115
3.894481812178838
3.9140897533574024
3.863525130474909
3.9095125820953127
3.8741463323687597
3.9214014708464675
3.8909391481271314
3.827948212029187
3.824726885704913
