5278704 1322725
5287547 1314017
5286653 1315034
5276527 1324715
5278995 1322381
5280490 1321169
5285003 1316309
5288615 1312886
5284794 1316917
5286974 1314413
5279862 1321549
5292168 1309563
5283301 1318345
5282585 1318791
5294324 1307294
5287189 1314620
5282188 1319435
5275764 1325754
5310488 1292046
5365926 1238749
5460128 1148497
5533298 1077866
5576622 1036444
5628922 985834
5712997 904511
5753176 865814
5815653 805228
5872529 750194
5913553 710401
5963381 661975
6005471 621205
6050993 576752
6094815 534361
6139679 490565
6173019 458020
6200992 430845
6249240 383788
6275778 357879
6301669 332465
6322972 311644
6369411 266376
6381788 254050
6406842 229757
6439928 197315
6457966 179586
6465878 171864
6492061 146272
6512343 126331
6525213 113704
6536487 102568
6555397 84038
6568161 71529
6581757 58173
6592613 47518
6596737 43412
6607606 32736
6610460 29950
6619011 21537
6624025 16585
6628431 12264
6634312 6463
6633938 6846
6638005 2851
6638249 2587
6640289 569
6640465 427
6640930 0
6640916 0
6640875 0
6640893 0
6640916 0
6640889 0
6640912 0
6640907 0
6640917 0
6640943 0
6640909 0
6640897 0
6640925 0
6640930 0
6640882 0
6640937 0
6640915 0
6640944 0
6640916 0
6640943 0
6640919 0
6640925 0
6640936 0
6640926 0
6640918 0
6640919 0
6640885 0
6640913 0
6640933 0
6640956 0
6640943 0
6640941 0
6640930 0
6640920 0
6640957 0
6640933 0
6640954 0
6640933 0
6640947 0
6640922 0
6640918 0
6640971 0
6640959 0
6640954 0
6640939 0
6640934 0
6640952 0
6640973 0
6640964 0
6640965 0
6640947 0
6640950 0
6640942 0
6640954 0
6640956 0
6640940 0
6640960 0
6640968 0
6640963 0
6640970 0
6640956 0
6640938 0
6640967 0
6640956 0
6640957 0
6640957 0
6640961 0
6640959 0
6640985 0
6640966 0
6640955 0
6640964 0
6640972 0
6640974 0
6640970 0
6640960 0
6640965 0
6640953 0
6640966 0
6640976 0
6640964 0
6640978 0
6640971 0
6640989 0
6640976 0
6640992 0
6640963 0
6640967 0
6640962 0
6640971 0
6640976 0
6640976 0
6640976 0
6640983 0
6640969 0
6640990 0
6640971 0
6640973 0
6640973 0
6640980 0
6640985 0
6640970 0
6641011 0
6640969 0
6640988 0
6641000 0
6640969 0
6640987 0
6640978 0
6640985 0
6641003 0
6640983 0
6640988 0
6640985 0
6640989 0
6641006 0
6640960 0
6640991 0
6641003 0
6641010 0
6640976 0
6640988 0
6641003 0
6640993 0
6641012 0
6640985 0
6640988 0
6640986 0
6641006 0
6641003 0
6640994 0
6640986 0
6640990 0
6640995 0
6641011 0
6641008 0
6640970 0
6640989 0
6640999 0
6640980 0
6640982 0
6641017 0
6641014 0
6641007 0
6641021 0
6641011 0
6641019 0
6641004 0
6641003 0
6640999 0
6641016 0
6640999 0
6641014 0
6641004 0
6641003 0
6641015 0
6641008 0
6641025 0
6641005 0
6640988 0
6641015 0
6641016 0
6641011 0
6640997 0
6641006 0
6640997 0
6641020 0
6641004 0
6641024 0
6641018 0
6640994 0
6641028 0
6641012 0
6641005 0
6641030 0
6641021 0
6641040 0
6641027 0
6641015 0
6641026 0
6641009 0
6641006 0
6641017 0
6641005 0
6641010 0
6641021 0
6641014 0
6641016 0
6641049 0
6641019 0
6641035 0
6641031 0
6641018 0
6641013 0
6641005 0
6641017 0
6641031 0
6641041 0
6641027 0
6641040 0
6641033 0
6641045 0
6641015 0
6641039 0
6641024 0
6641026 0
6641038 0
6641031 0
6641029 0
6641047 0
6641043 0
6641032 0
6641032 0
6641028 0
6641042 0
6641027 0
6641045 0
6641043 0
6641046 0
6641027 0
6641023 0
6641039 0
6641041 0
6641046 0
6641034 0
6641036 0
6641041 0
6641054 0
6641030 0
6641039 0
6641036 0
6641039 0
6641035 0
6641069 0
6641021 0
6641048 0
6641028 0
6641057 0
6641047 0
6641028 0
6641032 0
6641033 0
6641045 0
6641028 0
6641047 0
6641044 0
6641063 0
6641049 0
6641051 0
6641043 0
6641029 0
6641066 0
6641048 0
6641039 0
6641044 0
6641035 0
6641051 0
6641028 0
6641054 0
6641031 0
6641052 0
6641068 0
6641058 0
6641071 0
6641028 0
6641072 0
6641040 0
6641043 0
6641041 0
6641046 0
6641035 0
6641042 0
6641040 0
6641034 0
6641041 0
6641052 0
6641047 0
6641049 0
6641051 0
6641055 0
6641045 0
6641066 0
6641046 0
6641056 0
6641057 0
6641059 0
6641056 0
6641062 0
6641065 0
6641057 0
6641051 0
6641064 0
6641072 0
6641064 0
6641047 0
6641057 0
6641086 0
6641062 0
6641070 0
6641049 0
6641057 0
6641056 0
6641064 0
6641051 0
6641063 0
6641069 0
6641048 0
6641053 0
6641056 0
6641057 0
6641052 0
6641051 0
6641064 0
6641065 0
6641077 0
6641059 0
6641064 0
6641064 0
6641054 0
6641077 0
6641070 0
6641067 0
6641058 0
6641090 0
6641063 0
6641059 0
6641064 0
6641088 0
6641063 0
6641045 0
6641067 0
6641088 0
6641057 0
6641078 0
6641078 0
6641083 0
6641070 0
6641059 0
6641077 0
6641074 0
6641071 0
6641058 0
6641074 0
6641091 0
6641085 0
6641083 0
6641051 0
6641075 0
6641084 0
6641060 0
6641070 0
6641082 0
6641094 0
6641096 0
6641066 0
6641074 0
6641060 0
6641072 0
6641073 0
6641087 0
6641086 0
6641094 0
6641086 0
6641065 0
6641089 0
6641079 0
6641069 0
6641089 0
6641089 0
6641099 0
6641079 0
6641085 0
6641095 0
6641070 0
6641082 0
6641064 0
6641101 0
6641106 0
6641074 0
6641087 0
6641076 0
6641084 0
6641088 0
6641080 0
6641085 0
6641082 0
6641078 0
6641082 0
6641060 0
6641101 0
6641085 0
6641085 0
6641087 0
6641078 0
6641081 0
6641085 0
6641058 0
6641097 0
6641104 0
6641065 0
6641110 0
6641121 0
6641095 0
6641095 0
