21386611 5392761
21425616 5353666
21402602 5376798
21365975 5413009
21393840 5385942
21398020 5381830
21404274 5375237
21418906 5360605
21390672 5388830
21355026 5424349
21388607 5391055
21421687 5358430
21389156 5390109
21402147 5377455
21398867 5380358
21402671 5377142
21428769 5350833
21363887 5415538
21518905 5262117
21733497 5049428
22082158 4704233
22371836 4417621
22614174 4177688
22788316 4004770
23083636 3712017
23241582 3555322
23495118 3304068
23736330 3064794
23929776 2872640
24105579 2698049
24265048 2539783
24463163 2342979
24635710 2171774
24750226 2057808
24929235 1879864
25046103 1764115
25212495 1598611
25319032 1492664
25455200 1357480
25528744 1284481
25704141 1109574
25783067 1031432
25884542 930461
25998415 816858
26051630 764025
26139720 676567
26214048 602754
26280812 536300
26380293 437202
26415618 402129
26491098 326743
26523974 294220
26587860 230391
26623687 194956
26627992 190720
26675156 143692
26692443 126488
26731620 87474
26748502 70652
26774810 44449
26790958 28365
26794923 24392
26806987 12394
26810606 8781
26815697 3735
26817412 2035
26819453 0
26819471 0
26819459 0
26819463 0
26819465 0
26819481 0
26819453 0
26819458 0
26819476 0
26819484 0
26819490 0
26819441 0
26819477 0
26819483 0
26819462 0
26819478 0
26819482 0
26819488 0
26819474 0
26819473 0
26819498 0
26819455 0
26819493 0
26819489 0
26819496 0
26819501 0
26819477 0
26819504 0
26819451 0
26819486 0
26819511 0
26819504 0
26819497 0
26819512 0
26819490 0
26819482 0
26819491 0
26819510 0
26819484 0
26819473 0
26819497 0
26819488 0
26819480 0
26819505 0
26819479 0
26819487 0
26819508 0
26819482 0
26819508 0
26819518 0
26819500 0
26819522 0
26819505 0
26819487 0
