21950656 5784327
21948356 5786731
21948269 5786636
21929191 5805110
21958970 5775963
21895185 5838366
21933860 5800838
21953042 5781608
21955585 5779322
21930217 5804576
21924691 5810034
21902310 5832060
21963564 5771533
21961266 5773924
21914359 5820655
21965356 5769218
21941767 5792709
21980678 5754307
22047006 5688871
22249474 5488895
22673917 5067659
22945154 4799441
23183843 4563394
23342889 4405619
23696037 4055347
23889520 3863878
24132153 3622367
24355284 3401684
24543708 3214621
24780159 2979978
24918569 2842176
25154050 2608761
25366019 2398270
25477389 2287550
25675307 2091033
25813644 1953065
25967887 1800108
26081958 1686819
26205755 1563822
26287668 1482096
26500533 1270518
26528030 1243058
26683377 1088229
26810434 962329
26836256 936770
26937663 835741
27052974 720998
27100598 673762
27201354 573427
27231231 543747
27335028 440472
27378552 397117
27463229 312779
27505455 270754
27528797 247476
27572225 204271
27598189 178369
27652629 124180
27657872 118985
27696696 80279
27706517 70508
27723644 53438
27752148 25054
27749668 27288
27763216 14010
27767923 9345
27772493 4762
27776684 605
27777326 0
27777321 0
27777302 0
27777306 0
27777311 0
27777333 0
27777300 0
27777315 0
27777339 0
27777316 0
27777310 0
27777322 0
27777315 0
27777324 0
27777309 0
27777320 0
27777321 0
27777334 0
27777330 0
27777325 0
27777330 0
27777348 0
27777341 0
27777318 0
27777350 0
27777347 0
27777335 0
27777358 0
27777331 0
27777346 0
27777344 0
27777365 0
27777333 0
27777327 0
27777343 0
27777347 0
27777341 0
27777356 0
27777332 0
27777360 0
27777337 0
27777362 0
27777339 0
27777338 0
27777345 0
27777380 0
27777350 0
27777371 0
27777361 0
27777339 0
27777364 0
27777361 0
