5417414 1418622
5423005 1413059
5426976 1409223
5421049 1414990
5419270 1417095
5410204 1425641
5420057 1416097
5415214 1420734
5419542 1416506
5414098 1421807
5421210 1414979
5409987 1425919
5414782 1421358
5419029 1416833
5405863 1429705
5412628 1423370
5421191 1415231
5422037 1414013
5439719 1397321
5501441 1338031
5598279 1244844
5674638 1171661
5726001 1122229
5773273 1076413
5853815 998792
5913126 941318
5980755 875790
6032344 825695
6078209 781423
6125302 735731
6174805 687548
6215605 648011
6268370 596760
6309131 556864
6359395 508042
6383866 484119
6428174 440848
6462710 407153
6486812 383597
6501663 369068
6565436 306816
6571911 300433
6609225 263926
6638246 235520
6645077 228802
6664164 210116
6697213 177674
6710917 164310
6735168 140436
6744502 131314
6767805 108422
6777752 98676
6798316 78517
6812642 64371
6815628 61423
6825222 52060
6833045 44313
6841707 35791
6850043 27595
6856410 21327
6862886 14967
6864964 12885
6870155 7784
6872116 5854
6874600 3440
6874990 3038
6876520 1531
6878010 74
6878099 0
6878113 0
6878099 0
6878100 0
6878110 0
6878112 0
6878097 0
6878099 0
6878108 0
6878116 0
6878122 0
6878122 0
6878099 0
6878104 0
6878125 0
6878110 0
6878123 0
6878116 0
6878133 0
6878138 0
6878108 0
6878113 0
6878115 0
6878105 0
6878128 0
6878110 0
6878124 0
6878111 0
6878116 0
6878117 0
6878116 0
6878146 0
6878127 0
6878118 0
6878135 0
6878139 0
6878158 0
6878122 0
6878127 0
6878128 0
6878131 0
6878138 0
6878134 0
6878139 0
6878145 0
6878130 0
6878145 0
6878135 0
6878142 0
6878121 0
6878138 0
6878116 0
6878132 0
6878156 0
6878155 0
6878150 0
6878143 0
6878163 0
6878149 0
6878135 0
6878156 0
6878166 0
6878139 0
6878156 0
6878161 0
6878156 0
6878145 0
6878143 0
6878170 0
6878148 0
6878155 0
6878149 0
6878167 0
6878141 0
6878141 0
6878152 0
6878165 0
6878175 0
6878185 0
6878147 0
6878163 0
6878195 0
6878167 0
6878140 0
6878142 0
6878179 0
6878165 0
6878162 0
6878180 0
6878143 0
6878167 0
6878187 0
6878162 0
6878147 0
6878171 0
6878177 0
6878168 0
6878183 0
6878182 0
6878157 0
6878183 0
6878185 0
6878191 0
6878168 0
6878181 0
6878176 0
6878186 0
6878171 0
6878160 0
6878168 0
6878149 0
6878198 0
6878175 0
6878179 0
6878177 0
6878185 0
6878181 0
6878213 0
6878189 0
6878194 0
6878182 0
6878166 0
6878158 0
6878187 0
6878187 0
6878157 0
6878176 0
6878170 0
6878187 0
6878192 0
6878188 0
6878164 0
6878178 0
6878185 0
6878193 0
6878199 0
6878211 0
6878174 0
6878196 0
6878179 0
6878189 0
6878204 0
6878213 0
6878198 0
6878208 0
6878199 0
6878192 0
6878187 0
6878204 0
6878203 0
6878166 0
6878208 0
6878206 0
6878200 0
6878207 0
6878208 0
6878187 0
6878205 0
6878200 0
6878193 0
6878187 0
6878213 0
6878153 0
6878207 0
6878201 0
6878213 0
6878210 0
6878220 0
6878203 0
6878199 0
6878203 0
6878224 0
6878213 0
6878210 0
6878210 0
6878223 0
6878206 0
6878217 0
6878209 0
6878222 0
6878183 0
6878229 0
6878226 0
6878219 0
6878229 0
6878215 0
6878207 0
6878213 0
6878214 0
6878196 0
6878211 0
6878221 0
6878215 0
6878204 0
6878210 0
6878224 0
6878215 0
6878224 0
6878221 0
6878213 0
6878202 0
6878237 0
6878235 0
6878220 0
6878214 0
6878221 0
6878193 0
6878220 0
6878196 0
6878219 0
6878224 0
6878214 0
6878207 0
6878218 0
6878233 0
6878218 0
6878212 0
6878238 0
6878219 0
6878225 0
6878215 0
6878213 0
6878244 0
6878240 0
6878218 0
6878231 0
6878237 0
6878227 0
6878227 0
6878210 0
6878223 0
6878210 0
6878255 0
6878237 0
6878226 0
6878219 0
6878233 0
6878231 0
6878238 0
6878228 0
6878229 0
6878240 0
6878244 0
6878241 0
6878230 0
6878238 0
6878236 0
6878229 0
6878234 0
6878244 0
6878238 0
6878236 0
6878233 0
6878213 0
6878224 0
6878233 0
6878249 0
6878234 0
6878230 0
6878228 0
6878246 0
6878230 0
6878258 0
6878238 0
6878237 0
6878232 0
6878240 0
6878243 0
6878231 0
6878227 0
6878252 0
6878230 0
6878248 0
6878236 0
6878248 0
6878234 0
6878248 0
6878237 0
6878228 0
6878239 0
6878235 0
6878238 0
6878259 0
6878267 0
6878241 0
6878241 0
6878246 0
6878221 0
6878261 0
6878247 0
6878254 0
6878256 0
6878239 0
6878239 0
6878240 0
6878245 0
6878259 0
6878260 0
6878243 0
6878255 0
6878252 0
6878255 0
6878264 0
6878254 0
6878253 0
6878260 0
6878250 0
6878251 0
6878239 0
6878244 0
6878242 0
6878246 0
6878231 0
6878262 0
6878265 0
6878229 0
6878227 0
6878236 0
6878248 0
6878249 0
6878247 0
6878256 0
6878262 0
6878251 0
6878262 0
6878239 0
6878270 0
6878251 0
6878251 0
6878240 0
6878262 0
6878268 0
6878266 0
6878272 0
6878238 0
6878257 0
6878243 0
6878243 0
6878262 0
6878267 0
6878259 0
6878267 0
6878262 0
6878259 0
6878267 0
6878278 0
6878270 0
6878278 0
6878269 0
6878259 0
6878279 0
6878255 0
6878259 0
6878267 0
6878271 0
6878254 0
6878263 0
6878266 0
6878260 0
6878278 0
6878276 0
6878248 0
6878263 0
6878255 0
6878277 0
6878271 0
6878279 0
6878274 0
6878265 0
6878293 0
6878273 0
6878273 0
6878273 0
6878267 0
6878289 0
6878270 0
6878262 0
6878271 0
6878278 0
6878257 0
6878287 0
6878270 0
6878267 0
6878272 0
6878255 0
6878259 0
6878279 0
6878270 0
6878265 0
6878264 0
6878283 0
6878275 0
6878287 0
6878262 0
6878284 0
6878279 0
6878266 0
6878283 0
6878266 0
6878282 0
6878277 0
6878277 0
