10212238 1516392
10192138 1536332
10192448 1535914
10199657 1528841
10187523 1540841
10200952 1527568
10214060 1514619
10207083 1521534
10195160 1533084
10208687 1520016
10213431 1515358
10205862 1522646
10197489 1531105
10188265 1540239
10192614 1535891
10277503 1452604
10377982 1354186
10489790 1244202
10568524 1167181
10655042 1082361
10711169 1027035
10810021 929956
10895629 845739
10973776 768643
11033517 709837
11089558 654680
11143917 600896
11200599 545126
11253121 493390
11299119 447874
11349565 398147
11395413 352834
11434470 314249
11477786 271391
11504407 245215
11542595 207375
11569184 181054
11610072 140603
11641805 109168
11643390 107537
11657650 93503
11692876 58622
11701188 50387
11715094 36631
11724811 26969
11730442 21399
11737980 13929
11745027 6942
11747974 4025
11750915 1126
11751146 883
11752052 0
11752053 0
11752061 0
11752067 0
11752028 0
11752046 0
11752062 0
11752082 0
11752063 0
11752061 0
11752074 0
11752068 0
11752084 0
11752061 0
11752068 0
11752071 0
11752085 0
11752103 0
11752091 0
11752083 0
11752061 0
11752080 0
11752056 0
11752067 0
11752077 0
11752103 0
11752089 0
11752086 0
11752094 0
11752085 0
11752070 0
11752093 0
11752079 0
11752087 0
11752098 0
11752114 0
11752102 0
11752103 0
11752076 0
11752098 0
11752107 0
11752094 0
11752125 0
11752118 0
11752107 0
11752097 0
11752109 0
11752114 0
11752085 0
11752089 0
11752139 0
11752111 0
11752111 0
11752120 0
11752116 0
11752123 0
11752126 0
11752102 0
11752108 0
11752132 0
11752095 0
11752106 0
11752101 0
11752110 0
11752125 0
11752105 0
11752127 0
11752116 0
11752131 0
11752120 0
11752118 0
11752132 0
11752129 0
11752131 0
11752136 0
11752118 0
11752131 0
11752125 0
11752144 0
11752146 0
11752106 0
11752134 0
11752110 0
11752144 0
11752131 0
11752152 0
11752117 0
11752137 0
11752135 0
11752121 0
11752139 0
11752125 0
11752145 0
11752138 0
11752151 0
11752180 0
11752117 0
11752142 0
11752167 0
11752159 0
11752139 0
11752142 0
11752164 0
11752162 0
11752145 0
11752148 0
11752114 0
11752125 0
11752160 0
11752149 0
11752139 0
11752162 0
11752139 0
11752141 0
11752169 0
11752129 0
11752163 0
11752167 0
11752170 0
11752170 0
11752171 0
11752147 0
11752171 0
11752172 0
11752158 0
11752168 0
11752173 0
11752149 0
11752168 0
11752172 0
11752177 0
11752172 0
11752152 0
11752168 0
11752161 0
11752172 0
11752161 0
11752181 0
11752173 0
11752169 0
11752179 0
11752143 0
11752140 0
11752166 0
11752184 0
11752164 0
11752189 0
11752180 0
11752168 0
11752156 0
11752168 0
11752164 0
11752158 0
11752182 0
11752165 0
11752173 0
11752169 0
11752180 0
11752191 0
11752185 0
11752174 0
11752168 0
11752187 0
11752194 0
11752215 0
11752176 0
11752151 0
11752191 0
11752168 0
11752189 0
11752195 0
11752187 0
11752177 0
11752201 0
11752193 0
11752194 0
11752184 0
11752203 0
11752203 0
11752194 0
11752186 0
11752183 0
11752181 0
11752191 0
11752169 0
11752211 0
11752199 0
11752197 0
11752185 0
11752193 0
11752200 0
11752202 0
11752204 0
11752209 0
11752180 0
11752204 0
11752228 0
11752198 0
11752202 0
11752212 0
11752201 0
11752222 0
11752194 0
11752219 0
11752220 0
11752193 0
11752195 0
11752210 0
11752206 0
11752202 0
11752205 0
11752193 0
11752213 0
11752208 0
11752212 0
11752212 0
11752221 0
11752228 0
11752205 0
11752214 0
11752204 0
11752228 0
11752222 0
11752201 0
11752207 0
11752223 0
11752199 0
11752216 0
11752218 0
11752225 0
11752233 0
11752198 0
11752220 0
11752219 0
11752223 0
11752218 0
11752209 0
11752213 0
11752226 0
11752213 0
11752232 0
11752233 0
11752218 0
11752243 0
11752229 0
11752220 0
11752233 0
11752224 0
11752221 0
11752217 0
11752234 0
11752228 0
11752202 0
11752216 0
11752236 0
11752215 0
11752249 0
11752226 0
11752240 0
11752241 0
11752227 0
11752229 0
11752230 0
11752252 0
11752232 0
11752238 0
11752231 0
11752227 0
11752223 0
11752237 0
11752239 0
11752229 0
11752242 0
11752244 0
11752224 0
11752254 0
11752239 0
11752240 0
11752231 0
11752242 0
11752233 0
11752240 0
11752245 0
11752255 0
11752241 0
11752241 0
11752248 0
11752250 0
11752244 0
11752253 0
11752241 0
11752249 0
11752239 0
11752254 0
11752249 0
11752248 0
11752250 0
11752240 0
11752261 0
11752246 0
11752244 0
11752259 0
11752248 0
11752250 0
11752251 0
11752243 0
11752238 0
11752240 0
11752255 0
11752249 0
11752246 0
11752247 0
11752242 0
11752255 0
11752256 0
11752246 0
11752258 0
11752257 0
11752240 0
11752253 0
11752255 0
11752257 0
11752246 0
11752257 0
11752265 0
11752257 0
11752244 0
11752240 0
11752253 0
11752252 0
11752245 0
11752268 0
11752248 0
11752245 0
11752263 0
11752253 0
11752249 0
11752264 0
11752252 0
11752261 0
11752261 0
11752257 0
11752259 0
11752254 0
11752270 0
11752259 0
11752255 0
11752265 0
11752250 0
11752265 0
11752267 0
11752269 0
11752255 0
11752262 0
11752259 0
11752259 0
11752258 0
11752264 0
11752261 0
11752260 0
11752276 0
11752260 0
11752273 0
11752282 0
11752274 0
11752274 0
11752259 0
11752267 0
11752268 0
11752263 0
11752260 0
11752275 0
11752273 0
11752265 0
11752288 0
11752263 0
11752270 0
11752268 0
11752269 0
11752271 0
11752270 0
11752271 0
11752277 0
11752278 0
11752263 0
11752264 0
11752270 0
11752267 0
11752270 0
11752275 0
11752278 0
11752277 0
11752283 0
11752268 0
11752277 0
11752276 0
11752275 0
11752275 0
11752282 0
11752280 0
11752272 0
11752267 0
11752287 0
11752275 0
11752285 0
11752269 0
11752265 0
11752273 0
11752287 0
11752278 0
11752275 0
11752286 0
11752276 0
11752275 0
11752271 0
11752287 0
11752286 0
11752283 0
11752273 0
