19.16545551407291
18.79785084711955
18.520218866416954
18.27391746632362
18.00483777768474
17.610218439475602
17.317214511648928
17.099836310893778
16.84105658900915
16.57229268989267
16.33630420940208
16.05281245680066
15.799358889040832
15.682621694862224
15.437424690384177
15.21512673550486
15.124876969367488
14.950991206232437
14.595134656511501
14.65289534512508
14.394911371660697
14.174448198029404
13.992362525473311
13.809029451385655
13.548007920527164
13.478776853476022
13.340627122746383
13.13051090098237
12.906915372516227
12.794941009299036
12.780437810845605
12.476650085649078
12.431081741525082
12.226750150841513
12.110434157942791
12.049613707544108
11.86226592948052
11.825415274306325
11.58660143621114
11.470441276344442
11.459661669721454
11.371065105970064
11.185346064451075
11.110578326454107
11.021807189237206
10.905149876677104
10.788375437155128
10.742133935036303
10.597204679079983
10.532781376570549
10.481386027081756
10.304703643179405
10.24766270236653
10.11743848129504
9.991106928397247
9.983481554732702
9.894710355432357
9.760414663456418
9.668370530395023
9.628449304068045
9.542060391311
9.449865325750576
9.373933577610615
9.282682662266208
9.205176485518379
9.147269193618422
9.072232253595988
8.984457296301926
8.969413932648395
8.887367690204815
8.770641448442975
8.793360808409016
8.667658111363302
8.582203333592208
8.50991992224176
8.458994926307309
8.377458862823602
8.325296300819364
8.273250540852313
8.215426849313712
8.182808654301063
8.07688056601637
8.04600168837442
7.992064150366627
7.965706362711257
7.832488344749806
7.8432545968475775
7.8081368290648605
7.671023547728594
7.706798383206988
7.652577050957648
7.530795002568102
7.521241820477224
7.421548947726819
7.447693640373316
7.368190853037396
7.340938817957522
7.258417820168764
7.249379442047507
7.165643509262082
7.186931613356523
7.1479435471643225
7.10068188517838
7.048108354025175
6.952061093067652
6.917241611706504
6.886934572507164
6.847891856972973
6.858554390918634
6.746727962527734
6.706383422924023
6.661915662560222
6.664463137776766
6.635100672456908
6.5643949333209095
6.555124054989188
6.507229796483825
6.41548507346493
6.459808589943904
6.44375549384692
6.408097750600801
6.355425047327299
6.344044195347908
6.267164170943559
6.1970562872140365
6.198947969195465
6.1348403238486435
6.109007516274082
6.106061267441782
6.103511419109805
5.989251352754036
5.977164370843957
5.93250151504254
5.914506145544497
5.894021545153514
5.911794934143966
5.791832987760818
5.785784474222428
5.774426212626896
5.759672905674261
5.713711662992205
5.682059453085035
5.638939639725822
5.647555632091158
5.615419069771911
5.5847461280016315
5.5489819930795194
5.518674063236411
5.475567049570042
5.471863977357907
5.472959846672979
5.404145993131033
5.41059764592751
5.362977021015961
5.37171266448468
5.33571050651711
5.275962652470062
5.294125741898798
5.258432031935752
5.220527669185267
5.21305263490105
5.2180706139441755
5.1671568429716945
5.155675170121599
5.078702267296427
5.087926269645238
5.067951736187542
5.038818536764508
4.991449626888789
5.000757916980547
4.989550345525195
4.945540563302311
4.92243831128822
4.9180118372540615
4.885919164783945
4.878799616401591
4.875992323390131
4.887341872917607
4.825643458771156
4.809777611896561
4.800728689314823
4.769310927026181
4.769327552121402
4.723845037382098
4.716195326801854
4.649992421402499
4.630240328645491
4.61142739619072
4.587391977072603
4.601223002247552
4.552399403260926
4.581997131372455
4.527854793072497
4.486913654989621
4.508486225394037
4.466531242796955
4.472136806883982
4.445443188137233
4.418275938718434
4.39523762968472
4.402438898366245
4.386802973612975
4.367807287903515
4.343856061918286
4.3404492578111515
4.297125982740017
4.285803821432806
4.251694964835283
4.264447144416509
4.2464444900399645
4.232973175626755
4.226814818646599
4.213968629428805
4.165748292702383
4.168151355155037
4.173874625444223
4.149603628665243
4.136147526638934
4.136358498971665
4.07482369640636
4.09074071019309
4.0594460766876175
4.052647882677511
4.062798230522585
4.074456598411582
4.024433312755391
4.038170382218475
3.9853905575342194
4.004985377203634
4.000337535139974
3.959970454123686
3.9407052663539686
3.9383722022613665
3.918365264866261
3.9019727019524453
3.891033323982956
3.8996806584673775
3.853373675390742
3.865559961719673
3.8564567050104235
3.8547921131369436
3.802388567995058
3.8294070400286158
3.8291843915019625
3.7924479726330445
3.765530115193255
3.750551034789698
3.757975624747405
3.7282443341105362
3.7077639549478705
3.7110908808508887
3.681696470147599
3.701681722869853
3.6788714772974433
3.694210941579731
3.665898642871662
3.6231716807898033
3.598690289936394
3.5778640084667224
3.5889789535808814
3.5962915124825034
3.5513655620564304
3.5784858650746063
3.529674966774742
3.564923969152983
3.50732447927302
3.517522004898467
3.4668766336491808
3.4535838263548384
3.428911832817705
3.4710649063780896
3.429544829271663
3.4251701395359304
3.453614709197577
3.4051120558091497
3.397263381214116
3.375093089491759
3.3759164901128456
3.3868569063562974
3.3549227794955505
3.3619151191933794
3.322566851916481
3.338419676418589
3.3169611350938064
3.2954688260406417
3.29868789506088
3.3112371239363187
3.286228584872288
3.2611108890837843
3.2752243939711434
3.279790383441468
3.247811093162525
3.2588315909707672
3.241366400743777
3.2381086130348606
3.224420909253154
3.2132380150407336
3.2039703863314934
3.207764842855738
3.184874260066772
3.177395045638434
3.170829450904603
3.1754639021993807
3.1572661723349027
3.1548714025051754
3.13797541149617
3.139049461981449
3.1245894696731646
3.1099958726099977
3.1171526143508346
3.1122722313744813
3.1012866325204325
3.0906638137903544
3.084067180427494
3.0892200912829937
3.085077085436578
3.0767846210116727
3.0597905651013844
3.054585074655415
3.02925980817708
3.034556863564094
3.0168880445492277
3.0279529587201344
2.995083593502695
3.01248526469913
2.9917022858133304
2.975638669990226
2.9772263364440867
2.9370118350979557
2.97375785779554
2.9639020367714783
2.93629720908717
2.9437127410571406
2.9350214362618336
2.957356755764904
2.917368143233425
2.9305291602053605
2.8799658454126007
2.9056833305619874
2.907793856585372
2.8978897547643077
2.882942143717673
2.8798230892860146
2.8727016048643965
2.8638646224306172
2.8493734150938783
2.8588509851273556
2.8263994303471054
2.826435745406525
2.8182714345376825
2.7960521489683012
2.8412854560931464
2.8086656473672864
2.7945838912045247
2.8043959387337236
2.7835373104541397
2.8018045313508857
2.7749188957478075
2.7459752086631166
2.775085965343544
2.7493015323329884
2.741784764583656
2.7392873739090193
2.759449642984719
2.707957747887429
2.71748083300291
2.746888338056249
2.7083792560870257
2.697593727937747
2.7145901938159565
2.642394434797052
2.627956090210091
2.6576032687974838
2.608403459948763
2.6656438513635656
2.6136738172978586
2.6575348384268183
2.600570483074525
2.5946792183493197
2.563865307438641
2.5741849138266275
2.563958198680771
2.563767034529087
2.5596495923844076
2.562950873945356
2.535106602617243
2.5472345633367697
2.5730290878614825
2.5468701865508043
2.5354519651088774
2.52606004836362
2.516431371454501
2.5018893000044047
2.5257102582373365
2.493863154758487
2.4942651467347607
2.4922710970654225
2.484610921446058
2.490899780580694
2.4687870244152847
2.4598207270314036
2.47675387805848
2.4545853504488786
2.466657451756671
2.4653840202450463
2.448049979678472
2.435665536770964
2.459290915619117
2.448399009496131
2.4353288155033166
2.4139014016773648
2.421898895338279
2.435647652011385
2.4103172393727164
2.4145448677430155
2.4267094043406177
2.4077196664595775
2.3854686273426067
2.403451029305734
2.39115391768863
2.3885120504168573
2.3926657239373434
2.3637186420141685
2.3756356589565826
2.3827558498528445
2.3549233184284457
2.360110983003756
2.3604212066028594
2.3502457309207285
2.357187367091774
2.366646646598101
2.3379979836545406
2.342546728814932
2.3170269808616717
2.3075964668508457
2.326870843619199
2.3407424952911695
2.295851097655702
2.32252818545885
2.3039667278666345
