20.267229076743295
19.767772747274893
19.481678952416885
19.142249698332755
18.93276561328409
18.704413105388078
18.451985634515477
17.968628691647694
17.80287345885027
17.51674307754565
17.275440142900145
16.93386708729481
16.68971314177835
16.558466494584884
16.39042129902377
16.053877450378728
15.84735165875079
15.768225913805678
15.442429764629987
15.32184833110483
15.048105073574446
14.896863115617599
14.809637465871525
14.517112744750534
14.372495776832844
14.11368125606727
14.032014301913659
13.881791302863984
13.55043334132948
13.485570706406687
13.494529432457764
13.239932771336635
13.097130688258972
12.870622020009197
12.855380186982206
12.71560230621626
12.566869980830097
12.480735577852602
12.357100904592134
12.123984560166875
11.998011438285817
11.966237299268933
11.727347698422408
11.749490305941489
11.557901353406168
11.528854662128012
11.292795279608548
11.26961589024651
11.127443928866093
11.138329941530092
11.004651432884316
10.842404853153994
10.791222049639028
10.698388365446117
10.542426890526194
10.449330169461415
10.402183837080589
10.344278340544065
10.175970351110935
10.136798079322661
10.085132435344972
9.982765155187831
9.953196525650696
9.793527505534048
9.699174182211518
9.651094319441627
9.54315915321743
9.496990788524592
9.490297303448779
9.334115722683155
9.240736768662028
9.226883164694602
9.133396719535313
9.002186555739788
9.029458413398133
8.91656870353063
8.865969554637982
8.75894719490923
8.764999763931332
8.685649905098808
8.613451396498839
8.521186242743196
8.502785277406723
8.384211014305988
8.372768512592984
8.307459259560801
8.260859946660366
8.189281222731136
8.179544338850679
8.06067421868808
7.982597743057658
8.034715460639463
7.947185266249798
7.850003609437554
7.8391178008742095
7.702807622849093
7.7062278665266195
7.716417988328845
7.61444320483195
7.584565129987627
7.540450380938044
7.485110357237854
7.483183231172152
7.4112746357508055
7.377037539513167
7.335718758507992
7.240859213363783
7.275948170015209
7.152599038305693
7.133070871481423
7.046365688567894
7.099898865255886
6.988737678359694
6.956764670711257
6.971594749415058
6.897943690025077
6.810791196499722
6.847364280518969
6.769063245995755
6.77667150302229
6.714513373572233
6.695798288089096
6.647897994083589
6.655125426928307
6.632416901909277
6.513411117168607
6.501929018156009
6.471995774420721
6.439260379095822
6.401488728990707
6.390887079369723
6.312042824704072
6.278986850443719
6.281197845404476
6.2941869058416
6.185193832324703
6.179761226377832
6.127758523709435
6.049390605515603
6.106100582395523
6.05831259823572
5.959459699497711
5.950063313074793
5.958789694575762
5.940975350348299
5.8782423038243685
5.859240866890928
5.8386522703049195
5.807988919092539
5.790679779477082
5.688108269840752
5.680129190787682
5.6942036664431654
5.665017291443306
5.625228633857478
5.6223224811621435
5.593850760633032
5.536142190685882
5.5557070284158865
5.5123950491722375
5.466565809037782
5.4322108642764215
5.404153785161821
5.40039246383282
5.459639387967879
5.399791873662696
5.344718259855526
5.344483683769104
5.284705189559964
5.252427983278745
5.288379642495454
5.231760128246185
5.240103128570015
5.17466597865573
5.18370134104327
5.153494012880765
5.111464808635719
5.131821821746639
5.070003331943754
5.0443836877699235
5.061120025605524
4.994212341233405
5.01141191458391
4.963910488380725
4.961721990425531
4.951330945977552
4.947178658801031
4.8906992480674125
4.897078743381826
4.878880829600972
4.808845825102317
4.823461176755736
4.798145578494245
4.763040426269567
4.756236790103321
4.769625901369579
4.722303836814213
4.697651598269056
4.6899644049989
4.7108183299737085
4.675534177548925
4.5698478030569
4.639716544339672
4.605543297054237
4.549347519718312
4.515864972660939
4.561051281398149
4.521033248439387
4.50256468532627
4.483935199066959
4.4845715232004615
4.457879749134727
4.435044789925619
4.421352623672892
4.379268120988143
4.391444398319159
4.360112156117088
4.347169477967686
4.323432602038347
4.3280353137893
4.320385060606386
4.317599301092772
4.293482273087429
4.245562450621396
4.24260111306457
4.196910702223867
4.2343577003387916
4.224442222106552
4.204322681098531
4.18096882901129
4.161765459670942
4.170086335514697
4.129633130147015
4.1172642242938124
4.122522267674658
4.1193878675791575
4.10050771495673
4.080626832850567
4.038933680062708
4.058683380713412
4.045993523314944
4.024179850330222
3.9959684098765593
4.004940646298026
3.992929979775324
3.990660749050312
3.9710146708600407
3.938277297374607
3.95327200700081
3.9432930119921545
3.9107274479108853
3.9160702143940487
3.906824603260832
3.883337034864835
3.88553125414395
3.8428326177887717
3.8423136609686073
3.830702879879718
3.8105970233158226
3.7896592739362314
3.8108137429872593
3.7700110866429055
3.7471153097412526
3.7552940683827956
3.7423606555504647
3.721327581057585
3.70493075110071
3.7054435053825503
3.69521532365696
3.7101065372462245
3.683816799548538
3.675255276934322
3.6836636027902387
3.6313173183637106
3.639250816264291
3.6453278406162237
3.637785814098124
3.6221948460524622
3.5632775189216774
3.5584058832325627
3.5964071405029516
3.5370031264338877
3.554351871577569
3.528992660165841
3.509324664540502
3.521475635593906
3.547809800674736
3.5158029142493503
3.5195755018123895
3.4208523236691373
3.4407543182907627
3.4032512591379054
3.4399577761842375
3.3797931635194414
3.391663162306136
3.4115514830359963
3.363927762364151
3.3518201272065653
3.3559529665691707
3.3642406542654864
3.350682605406482
3.334982120063808
3.3351091088646103
3.3164996207751303
3.304514907265684
3.293759693374886
3.282489422891167
3.3008544337997408
3.270313754264457
3.2815598321034734
3.2554235230380666
3.262094613874808
3.2305164026116064
3.2185221804752473
3.2180008025984717
3.20829524245185
3.196563534135312
3.195126131317295
3.184090610355147
3.1801305823267736
3.1870307675702816
3.1906403896289066
3.1685951083727852
3.1555433298256506
3.1510970735578168
3.1274937915251346
3.1269299829717716
3.1190222935720975
3.138538937448657
3.1064166204571393
3.089939214784049
3.0814664920822747
3.085017409895454
3.091635530985195
3.0810001572541657
3.0457168615001953
3.0508179588694384
3.0609904388130214
3.050084008451313
3.0361205902433763
3.0194543580589106
3.0113482589444174
3.0044834749847134
2.9954356590271254
3.020256571080872
3.0095243820427915
2.9868643419442904
2.9838209053946683
2.9660742624573118
2.9497439341791596
2.9626178009475668
2.957035945365715
2.9514052371641557
2.9597111185627547
2.939840080454262
2.9323376261392013
2.9280553721594513
2.9231374449606076
2.9260011710571554
2.9024931052737384
2.9066133616799332
2.91807805443691
2.8925811771098777
2.8771705221310686
2.8878275863626777
2.8707806736714794
2.8492856284297794
2.8426284192818456
2.861106568148216
2.855799441477311
2.84121399773496
2.833479758627959
2.812541179454092
2.830739848874855
2.8096101055509664
2.8013745366470473
2.7911304391032217
2.80153828669218
2.79604278527936
2.8159024272433726
2.7714639998650887
2.779017206995304
2.7792432295106115
2.762153730037917
2.7544084117444436
2.7487975261548763
2.7350443560003876
2.7650430004886153
2.718232277540092
2.725100350616135
2.7089026795366635
2.701514312941963
2.712557823417992
2.7179195182872897
2.6826707228020226
2.6896444808971953
2.6724131852817594
2.659500131904281
2.6498255755960143
2.6512048454054913
2.6290479397020086
2.5906917990638068
2.6336633093909403
2.6388006907979
2.582726638557142
2.56715668270125
2.5725505961080217
2.576815439807415
2.5375424387446173
2.5594404323515665
2.543053566809531
2.5631732567932772
2.5320409759801987
2.52881105572299
2.5199114910227403
2.5255326560072717
2.4972468022795695
2.508081301325615
2.515110183557183
2.505387417916704
2.5225446756774796
2.499126693706228
2.5070260462257012
2.4859044905895464
2.4840598980362367
2.4815561664521555
2.4826385631473022
2.4848076840900584
2.477776587269409
2.4702257353729236
2.4730038238769705
2.464466305581186
2.4376033936050545
2.4525796535814153
2.445970553103373
2.4393429380372846
2.4276409519976028
2.4355777507188168
2.4205314752563982
2.4263470675236
