27155 25622
26908 25391
26944 25491
27133 25524
26930 25455
26922 25481
27077 25668
26929 25471
27216 25750
26872 25445
27068 25558
27012 25599
26971 25506
27088 25723
26809 25528
25456 24158
23045 21839
20908 19824
19225 18087
17593 16551
16300 15234
14368 13394
13015 12066
11739 10707
10904 9901
9753 8768
9061 8017
8234 7221
7337 6283
6836 5819
5866 4730
5703 4607
4967 3994
4537 3444
4060 3041
3600 2547
3227 2184
2940 1862
2489 1411
2455 1361
2290 1136
1957 797
1751 725
1685 555
1492 379
1546 341
1239 282
1197 153
1102 113
1156 64
1203 53
1085 18
1161 6
1034 0
971 0
1019 0
981 0
1047 0
1002 0
1065 0
961 0
960 0
860 0
993 0
1022 0
984 0
999 0
1007 0
911 0
945 0
1112 0
936 0
1033 0
963 0
1005 0
931 0
857 0
1011 0
887 0
901 0
926 0
1085 0
849 0
902 0
915 0
945 0
983 0
969 0
838 0
832 0
893 0
898 0
995 0
888 0
1015 0
863 0
920 0
1014 0
923 0
848 0
828 0
858 0
903 0
800 0
817 0
870 0
893 0
881 0
857 0
868 0
884 0
876 0
796 0
941 0
970 0
831 0
797 0
860 0
852 0
878 0
836 0
840 0
853 0
790 0
794 0
779 0
836 0
897 0
768 0
861 0
785 0
938 0
842 0
933 0
907 0
875 0
783 0
877 0
858 0
807 0
797 0
846 0
787 0
722 0
817 0
717 0
874 0
819 0
720 0
777 0
814 0
847 0
710 0
781 0
702 0
823 0
808 0
825 0
742 0
751 0
764 0
701 0
806 0
735 0
797 0
703 0
676 0
779 0
765 0
742 0
684 0
775 0
759 0
745 0
747 0
815 0
808 0
713 0
764 0
715 0
688 0
699 0
844 0
652 0
717 0
674 0
729 0
767 0
698 0
671 0
744 0
694 0
639 0
762 0
693 0
690 0
740 0
683 0
688 0
735 0
678 0
644 0
704 0
678 0
626 0
693 0
662 0
646 0
640 0
652 0
656 0
687 0
692 0
652 0
705 0
605 0
670 0
733 0
676 0
676 0
629 0
608 0
672 0
760 0
686 0
638 0
680 0
656 0
631 0
597 0
605 0
604 0
611 0
685 0
613 0
690 0
584 0
622 0
638 0
640 0
598 0
635 0
655 0
603 0
642 0
586 0
572 0
620 0
573 0
569 0
549 0
560 0
581 0
569 0
587 0
572 0
559 0
590 0
564 0
590 0
571 0
511 0
550 0
552 0
511 0
598 0
531 0
567 0
534 0
531 0
554 0
568 0
533 0
536 0
548 0
556 0
535 0
548 0
539 0
572 0
539 0
502 0
541 0
523 0
527 0
529 0
520 0
512 0
554 0
554 0
519 0
527 0
522 0
524 0
540 0
557 0
543 0
525 0
503 0
524 0
537 0
534 0
511 0
527 0
532 0
522 0
488 0
514 0
510 0
514 0
520 0
510 0
509 0
498 0
491 0
490 0
504 0
499 0
493 0
500 0
504 0
503 0
491 0
502 0
496 0
487 0
482 0
492 0
489 0
481 0
483 0
479 0
501 0
485 0
473 0
487 0
488 0
487 0
488 0
470 0
494 0
475 0
477 0
473 0
470 0
481 0
474 0
470 0
472 0
462 0
467 0
474 0
481 0
469 0
477 0
474 0
470 0
458 0
465 0
458 0
474 0
455 0
468 0
471 0
454 0
454 0
463 0
454 0
460 0
459 0
460 0
451 0
446 0
444 0
463 0
458 0
460 0
458 0
465 0
449 0
459 0
463 0
462 0
443 0
449 0
442 0
457 0
459 0
456 0
455 0
439 0
453 0
440 0
457 0
448 0
448 0
460 0
448 0
447 0
447 0
444 0
453 0
437 0
447 0
442 0
443 0
431 0
439 0
434 0
444 0
440 0
431 0
432 0
437 0
433 0
448 0
432 0
445 0
441 0
440 0
428 0
430 0
435 0
434 0
432 0
440 0
429 0
439 0
430 0
433 0
429 0
440 0
431 0
430 0
425 0
414 0
428 0
418 0
431 0
416 0
413 0
428 0
426 0
411 0
429 0
415 0
416 0
414 0
422 0
415 0
430 0
406 0
419 0
410 0
409 0
412 0
423 0
417 0
418 0
422 0
412 0
396 0
392 0
396 0
412 0
408 0
406 0
398 0
420 0
405 0
