21016655 3359089
21023293 3352750
21008859 3366523
21034813 3341027
21015120 3360432
21004178 3371511
21017137 3358824
21007467 3368286
21019585 3356485
21038108 3337882
21001289 3374382
21040973 3335026
21031818 3344299
21000859 3374988
21018714 3356878
21174458 3203225
21389971 2989858
21571973 2809372
21772854 2610429
21983801 2401592
22094570 2291476
22291505 2096331
22471907 1917267
22652478 1738321
22733089 1658442
22906006 1486689
22979564 1413692
23127020 1266947
23269081 1126109
23324428 1071037
23487336 909126
23533864 862674
23615633 781794
23724451 673576
23794156 604248
23885780 513093
23940130 459000
24016138 383412
24093438 306576
24100500 299595
24154542 245810
24217824 182815
24224634 176061
24271950 128977
24310243 90834
24326434 74688
24338062 62888
24369016 32294
24371448 29889
24390475 10925
24387931 13482
24395741 5690
24400416 1050
24401484 0
24401493 0
24401471 0
24401493 0
24401503 0
24401489 0
24401498 0
24401499 0
24401499 0
24401504 0
24401494 0
24401493 0
24401497 0
24401513 0
24401516 0
24401494 0
24401510 0
24401511 0
24401511 0
24401502 0
24401503 0
24401522 0
24401498 0
24401508 0
24401512 0
24401519 0
24401505 0
24401513 0
24401512 0
24401506 0
24401520 0
24401517 0
24401514 0
24401536 0
24401503 0
24401541 0
24401538 0
24401522 0
24401507 0
24401523 0
24401531 0
24401540 0
24401539 0
24401513 0
24401530 0
24401538 0
24401515 0
24401510 0
24401555 0
24401566 0
24401523 0
24401528 0
24401564 0
24401547 0
24401551 0
24401537 0
24401537 0
24401539 0
24401554 0
24401520 0
24401546 0
24401550 0
24401529 0
24401532 0
24401548 0
24401557 0
24401554 0
