21.09310120794965
20.878435850904268
20.378395058276865
20.309832783651466
20.12441448098046
19.604352759052496
19.33991683071533
19.14757786905319
18.743293162897636
18.418259151109044
18.079221124993587
17.911184249952104
17.4692558611876
17.492178038457528
17.198775567270452
17.07625184177249
16.792668788170527
16.53890729475704
16.405609603453563
16.07598437346944
16.034048487282085
15.686693782357683
15.560530531362925
15.423976353355375
15.149817553649672
14.957538690722904
14.679883317976
14.622742689673995
14.30810801669806
14.226359316922371
14.124333766901355
14.011881730004966
13.802689311033054
13.67074339359458
13.479923444812375
13.359383044686547
13.340949635101943
13.072006108516106
12.9949612658697
12.837560324256636
12.775932084403156
12.645484309458716
12.471311883777116
12.427203106982411
12.191179190868079
12.146554649641603
11.964649953343846
11.98915461883469
11.811258598779473
11.668607630659736
11.523731750871166
11.46220385847452
11.3140693732625
11.316941850275743
11.13695018025583
11.089705309852778
10.904174578039031
10.911590070958425
10.76351662819999
10.656593033329084
10.634113504408356
10.58384180057933
10.440509396743256
10.34303392087716
10.225755545252998
10.187072301371542
10.024654252268729
10.02578634295869
9.873277655420177
9.85879893394358
9.755258149037832
9.677846146011643
9.55115254951621
9.564899459852134
9.524966069096081
9.427897141308737
9.324879303374045
9.380812220641552
9.197971221662968
9.167361984416532
9.072707024097799
9.016974077771675
8.963740660060193
8.86724430414797
8.820761460721778
8.761256819546219
8.732974823889672
8.687067677272603
8.619951562548042
8.535585054905415
8.474838132175673
8.393087328721979
8.378054553657385
8.285966302414728
8.24825304058786
8.218031748482382
8.136750059531346
8.099270543245392
8.031099443931744
7.982253731222326
7.9599551537357005
7.9059632950737635
7.841324316621376
7.8189287731089605
7.774172916911575
7.726101586504292
7.626793286549921
7.672589830347576
7.585119106531425
7.488556155884256
7.469346575462732
7.384058532812831
7.41068816668286
7.335422968657456
7.328739975781787
7.230944401335896
7.241818495794048
7.195440215017493
7.137436473380467
7.075232497122599
7.109361466885409
7.016999829461863
6.967004085382605
6.985154697935757
6.895395136616143
6.8576621351959375
6.863274810878352
6.764625299882228
6.79457890113853
6.75644575842613
6.742843141538845
6.659004194554948
6.639734488393929
6.590441234127784
6.524482125464247
6.565781902002186
6.501052685823136
6.448550291886477
6.451748995053667
6.424738997508484
6.3583461404246275
6.34328612189986
6.356732835944122
6.255519678070895
6.233436131867256
6.224662393566096
6.199608248890818
6.185246509656503
6.084541796808066
6.119968765136255
6.015065045751578
6.038766190843967
6.008723379850021
5.95030272901462
5.971244678270113
5.905942829727019
5.856033713974439
5.836779801358846
5.817667805774306
5.8074751733622865
5.747788131769039
5.722604926178938
5.762420490955492
5.685294136015068
5.672599012091615
5.647659250254156
5.595330593760105
5.599195462323879
5.5677107647153665
5.556806801863926
5.550902491600352
5.511252331760284
5.510333345644706
5.465855001978707
5.435458709775412
5.409438625825148
5.387994420308896
5.345104335412871
5.370588199005146
5.306402990561994
5.310597336128412
5.2781154029725394
5.268209140683402
5.2475012285176375
5.27838141467294
5.244583479125137
5.164197530621182
5.136631289738761
5.157450081810548
5.160590503351411
5.1417258995013935
5.096704385652547
5.096629026839228
5.019590351156726
5.034195049702221
4.995038594918956
4.993207095479261
4.930564134699261
4.942658739915592
4.959177153469454
4.9532659041551845
4.936879551821912
4.881500698097803
4.859960360347431
4.84868069002373
4.809158420147751
4.7757891334570015
4.783856693759041
4.774068681500596
4.7524449613502995
4.750546413807415
4.700658203032527
4.714605632067969
4.680234054590646
4.655501669195791
4.655544347825871
4.6329838859404004
4.603439758283916
4.600016254179354
4.542052835614527
4.569683516785995
4.557609637645282
4.476239480677904
4.4917198804681675
4.516164240479515
4.472766457131627
4.407088332919566
4.407629638189933
4.391811726462083
4.418500533093318
4.374116155380253
4.39552856812054
4.345029577755461
4.343332001898259
4.32209223773106
4.298782668618835
4.3157504451773185
4.287527473338045
4.251542846319994
4.263446911254878
4.217659267339936
4.203729021358108
4.225142329161381
4.220244962650423
4.191031760069088
4.161895596994753
4.189285703799522
4.143791336392953
4.148926548903883
4.136435122135985
4.10221467248166
4.073577224759037
4.074197102680582
4.078420380549164
4.058221964284164
4.040381883535074
4.0339916672376575
4.04438671790781
4.025128199689343
3.9935321797464733
3.976015015913417
4.000420033031474
3.9433142427239454
3.9585694619147764
3.938181671855
3.9173896868656537
3.918590876171802
3.9141832101190563
3.9096601491482486
3.8722519346325797
3.87358119879209
3.8374025321265437
3.834947546907995
3.848690496304971
3.8153097944650924
3.826247309253481
3.8337869542467846
3.780109841009234
3.764333567673175
3.757354951263774
3.7531390830385134
3.7503689618732414
3.7614741040013837
3.7323489622578703
3.705623510361627
3.715494648943659
3.6923101626090196
3.7154395877841124
3.686173787535465
3.6654593206246204
3.690615903290659
3.6368390719099284
3.65327580010661
3.6383704553161555
3.569392554987501
3.6108147809762547
3.6019200738529618
3.5645504252947466
3.5816911099812705
3.5716370220288693
3.5486908649255655
3.5741915850231543
3.567613091392577
3.5371990781768
3.544641716483256
3.476982959729339
3.5067106033192292
3.4855834209316523
3.463268581856346
3.4447671711830594
3.437699378258976
3.455221727937228
3.418990407038764
3.3845713268864484
3.3664508150459116
3.387472705806449
3.389604903506108
3.3536179889987396
3.351687495360784
3.339937722475877
3.3355845395264714
3.3170177648184493
3.310792760154932
3.3211431353026315
3.281489837335303
3.2876271206693195
3.3038219505917708
3.297347973404949
3.2606804280669026
3.2496377944766346
3.281941226740589
3.2397539637405997
3.2496664761032203
3.2512801210258386
3.2087161580218435
3.2293034639829736
3.2296761592689336
3.1990228623590085
3.18933679239384
3.1881860433034444
3.191512835066462
3.200309615141869
3.1939762635038824
3.16369142686965
3.14836270074466
3.1641139523263155
3.1299492946557756
3.119355392677162
3.129998065447312
3.139027424196247
3.1308297376616587
3.10261205413002
3.106102995290412
3.076268512645802
3.075880946900729
3.0685677492137255
3.0533152245575343
3.064085205202134
3.0780528716650406
3.0348776950909975
3.047009126496155
3.029022540315168
3.0402158571981905
3.033457044687118
3.0041304052761166
3.0201263037710078
3.015588897323978
2.9882712014005572
3.0028367764666015
2.9720690830645706
2.9667251321688854
2.9767173263802578
2.95895047142948
2.9536878638855883
2.9557746370266478
2.9493712204432265
2.9411447073993804
2.9399870176378156
2.927975630708693
2.9291772828994
2.904959339776333
2.8959168808392133
2.8987411163786896
2.8971697486375065
2.897305933191958
2.8801426008867113
2.847836317402055
2.8731811146016866
2.8629224880768835
2.870206905590412
2.8500518394611296
2.8484428956450207
2.8570974147681
2.817964821437245
2.84817555870658
2.840313810962107
2.806474284957676
2.803837706490131
2.7897461429624038
2.8101127775946226
2.7913922466327588
2.804780258860792
2.77992422323201
2.75565509246403
2.760616865372799
2.7640584903556986
2.760398306239176
2.7578997205276345
2.735491149357747
2.734114889937689
2.7236275991002232
2.7130308746627247
2.721516636236038
2.7271783820489786
2.7159304333668706
2.7196440030466826
2.69253436119061
2.6564473408294815
2.7009768991738268
2.66349233881032
2.6781054855412005
2.673201283046915
2.6637902013291272
2.6702436863244885
2.6554676236019077
2.6114976261939864
2.5826864353808148
2.6266914855405137
2.6028298245948736
2.5840220286474165
2.604457510796701
2.576307270233092
2.608407467570021
2.5504481155834284
2.558155703420539
2.567565745572665
2.5636026988605316
2.5491776724245936
2.5323050697674896
2.5240834674415735
