31404 29658
31403 29671
31335 29563
31452 29758
31570 29795
31338 29580
31150 29402
31408 29710
31200 29531
31413 29660
31490 29701
31586 29805
31326 29558
31189 29520
31484 29838
29516 27952
27093 25591
24846 23473
22688 21455
20628 19471
19204 18063
17117 16013
15789 14706
14238 13172
13345 12321
11995 10895
11401 10301
10219 9154
9198 8157
8373 7381
7390 6346
7147 6086
6358 5344
5852 4731
5184 4145
4795 3699
4311 3278
3813 2717
3656 2417
3306 2204
3026 1971
2628 1467
2418 1346
2130 1071
1795 768
1968 770
1759 633
1559 377
1477 363
1261 237
1283 231
1207 130
1188 86
1040 40
1126 29
1104 20
1056 2
982 2
1055 0
1021 0
1124 0
1137 0
958 0
887 0
1024 0
988 0
964 0
949 0
913 0
980 0
929 0
921 0
986 0
933 0
868 0
997 0
940 0
985 0
928 0
950 0
957 0
887 0
951 0
931 0
886 0
985 0
920 0
904 0
925 0
1036 0
946 0
904 0
996 0
974 0
878 0
1060 0
997 0
900 0
968 0
886 0
830 0
904 0
878 0
820 0
850 0
904 0
908 0
883 0
775 0
840 0
869 0
893 0
815 0
781 0
836 0
847 0
838 0
847 0
842 0
848 0
936 0
807 0
884 0
833 0
808 0
858 0
913 0
916 0
799 0
861 0
838 0
799 0
840 0
912 0
862 0
796 0
799 0
835 0
847 0
766 0
869 0
777 0
938 0
765 0
735 0
808 0
879 0
756 0
745 0
747 0
745 0
793 0
684 0
812 0
785 0
772 0
834 0
715 0
801 0
808 0
860 0
732 0
779 0
705 0
710 0
735 0
751 0
859 0
724 0
710 0
864 0
871 0
944 0
779 0
757 0
756 0
775 0
703 0
829 0
736 0
710 0
718 0
835 0
821 0
689 0
727 0
744 0
761 0
786 0
764 0
687 0
761 0
744 0
776 0
703 0
664 0
689 0
776 0
710 0
690 0
739 0
713 0
729 0
734 0
667 0
687 0
692 0
676 0
645 0
718 0
673 0
768 0
749 0
649 0
671 0
763 0
698 0
711 0
686 0
674 0
616 0
691 0
663 0
752 0
672 0
646 0
727 0
646 0
631 0
723 0
603 0
621 0
635 0
569 0
649 0
657 0
621 0
616 0
653 0
620 0
602 0
645 0
641 0
611 0
621 0
611 0
598 0
584 0
617 0
605 0
594 0
578 0
606 0
617 0
614 0
602 0
627 0
601 0
617 0
577 0
596 0
594 0
611 0
588 0
608 0
622 0
603 0
596 0
561 0
578 0
606 0
596 0
580 0
572 0
543 0
538 0
553 0
590 0
567 0
578 0
561 0
551 0
539 0
526 0
541 0
526 0
574 0
530 0
544 0
544 0
550 0
569 0
534 0
522 0
540 0
528 0
550 0
550 0
520 0
547 0
514 0
524 0
556 0
515 0
541 0
527 0
519 0
514 0
521 0
516 0
536 0
540 0
519 0
537 0
526 0
535 0
510 0
519 0
523 0
515 0
542 0
506 0
514 0
515 0
524 0
494 0
516 0
510 0
524 0
511 0
527 0
516 0
517 0
513 0
519 0
514 0
504 0
539 0
504 0
507 0
501 0
523 0
487 0
495 0
499 0
486 0
496 0
510 0
487 0
503 0
488 0
485 0
499 0
499 0
496 0
502 0
492 0
500 0
467 0
487 0
475 0
489 0
494 0
494 0
479 0
479 0
478 0
482 0
475 0
471 0
488 0
477 0
474 0
469 0
484 0
481 0
496 0
468 0
472 0
463 0
483 0
467 0
460 0
472 0
458 0
472 0
458 0
465 0
470 0
467 0
473 0
460 0
449 0
461 0
454 0
464 0
466 0
455 0
455 0
462 0
472 0
454 0
451 0
475 0
448 0
454 0
455 0
456 0
461 0
467 0
447 0
457 0
454 0
450 0
450 0
454 0
450 0
465 0
455 0
456 0
461 0
451 0
458 0
451 0
443 0
463 0
456 0
433 0
439 0
445 0
451 0
437 0
446 0
445 0
444 0
450 0
441 0
446 0
455 0
440 0
446 0
440 0
450 0
434 0
441 0
439 0
445 0
434 0
444 0
438 0
437 0
432 0
441 0
438 0
439 0
436 0
437 0
428 0
444 0
432 0
439 0
430 0
432 0
430 0
429 0
436 0
425 0
424 0
432 0
420 0
