22.31438898543501
22.002120415733167
21.637203289772735
21.179234992272896
20.90493209156368
20.677009650264473
20.30291275031699
20.075388268333903
19.67983578143147
19.3345773114667
19.02375621065982
18.74478187806532
18.514413875790503
18.373323201982956
18.111395873669395
17.946367567771446
17.6204825957509
17.32882004385181
17.239188229894623
16.95423129812023
16.754578038773563
16.64198926355781
16.49326372089925
16.156386353713618
15.956430096719613
15.772055412679288
15.598847065995754
15.417873366572994
15.264511942784248
15.048278613005866
14.883105541367833
14.626862956611314
14.552702799533408
14.381577736752934
14.117685329434558
14.143704699994528
13.925645072486258
13.794336597742658
13.63159609661695
13.545102267011249
13.269266421716463
13.251901927554382
13.134039206464795
13.020220440882987
12.830025679534709
12.781641626295905
12.650176931767241
12.532996035069996
12.445006135451623
12.267331397098115
12.167579677118102
11.986072930516821
11.956135119402324
11.871824966988006
11.81246141985655
11.68119420676092
11.508157493216686
11.415936569440076
11.289018457288295
11.25685539856213
11.142098162274232
11.02509559079144
10.964627524345492
10.921462589720328
10.731879466462487
10.715733902142551
10.60986211565666
10.499444727428308
10.48480115846785
10.338488669196067
10.29130818387182
10.155660573368914
10.14408082961935
10.038164458664713
10.014114894370596
9.867585832845657
9.772303919506125
9.780334721372643
9.655485622181773
9.700333370313341
9.534561741216752
9.486120400400022
9.383352780667865
9.3101151169898
9.365914402210223
9.300167261161437
9.167590028019413
9.125593204860202
9.03298691689446
9.04842686144576
8.929921622572564
8.84083298303884
8.777405728479636
8.733633937980812
8.744328988183998
8.652095617715913
8.58542785390299
8.501589333885905
8.462174721526829
8.44172878808305
8.33830848774419
8.30973253837135
8.230431955649973
8.129600236213655
8.192442244884841
8.144457353576616
8.073327408656656
7.991074050348563
7.914084439518599
7.931670100032866
7.905239451100715
7.831511366762674
7.765429857448071
7.7450336360573875
7.732250938580083
7.637687563177339
7.579387744684403
7.5219685223039505
7.51444395623012
7.512893971501699
7.422195503159831
7.384498691261631
7.321267411918761
7.349031759309937
7.221461693891338
7.19164614569233
7.205387653915874
7.151927478598108
7.162760182399189
7.087560511006398
7.094888517417594
7.014024719220497
6.9748848189627415
6.89972753513266
6.893972812335969
6.870724771346079
6.843880157292574
6.843458239560732
6.747236184810552
6.690725355051131
6.667058818872899
6.675189932046706
6.6750145940707055
6.617951591692645
6.57119475760128
6.514523289687165
6.469772555229883
6.481984758841845
6.439377066858421
6.4328546099285315
6.375775226839096
6.381018867122111
6.340717339261641
6.317241557965917
6.247591451036351
6.266959297679407
6.243861589852372
6.144222321055795
6.118693666137206
6.11237150590946
6.037097312152
6.080617262049336
6.008286726336405
6.002949097472625
5.951913406931739
5.962871291243717
5.919593475216402
5.908680838701773
5.834214620473358
5.851009357682015
5.870571291752922
5.7659513263920665
5.773141439336091
5.704672956440081
5.713761298487234
5.653148245318908
5.658649718550919
5.640733492981962
5.623087539931216
5.58525583357472
5.609824653939947
5.556850918987388
5.488788775289532
5.55328495778085
5.465799959278784
5.448710598462829
5.4679575949493895
5.424684026944055
5.408217333812308
5.39327032377314
5.37179246945343
5.35210067126784
5.300008370251891
5.2824547673855795
5.26093955236332
5.274911409714946
5.248497322464846
5.262228950295009
5.170092645630157
5.146286504527225
5.160700974414879
5.1347455893166485
5.100933510866048
5.090090410905396
5.12516337330128
5.07413441256673
5.051456112120738
5.02406996241646
5.035619918310294
4.999042092977106
4.970853955548491
4.970229691406989
4.9615912464492435
4.9302097879869535
4.885101886641789
4.913945790678736
4.863276623534677
4.826370455266576
4.855090214568922
4.799767407423463
4.823398637590971
4.743914823713258
4.769738344338225
4.708193465692585
4.72753829157321
4.6875894205250095
4.6892891424731715
4.687218590345469
4.683783638781563
4.672936065194103
4.608801133438883
4.563933026666785
4.577268509585062
4.599958565828388
4.554637527153096
4.532619024947032
4.526748199523354
4.503650563214596
4.506557347886632
4.486267949348912
4.478632284999986
4.477494342569326
4.481210778048462
4.436163877706995
4.373842192950006
4.371717689869893
4.339043399599611
4.370722185334461
4.330461251762572
4.325913584495111
4.321299015600985
4.275665926543443
4.265367453948738
4.249325756101257
4.281138426726284
4.253282105787003
4.25980102754891
4.207951458217574
4.248109736787892
4.2031148366161055
4.196518722458432
4.181082080613219
4.143250521010323
4.150380788804191
4.114288887321445
4.110734178668945
4.124533702430345
4.107565214089163
4.109568890223609
4.0691452961141525
4.066885710113552
4.066037615785797
4.04290687571086
4.054521755465075
4.006967215906752
4.017334942181776
3.974575020985389
3.999363518744121
3.981147806082138
3.9661795676576572
3.9470367165605285
3.9346953776867757
3.9442224355837587
3.8942005985085415
3.9130216329981593
3.917258089418683
3.890265155990587
3.8749827517874293
3.8644009475589702
3.839132592840626
3.8179435634099534
3.847855857157331
3.8129811191426595
3.847649127029815
3.8011383363885374
3.7842166185510226
3.774077764193737
3.7894487184020362
3.788688294440817
3.7591788325591984
3.7414848467678166
3.742453945897314
3.716777306027359
3.7061918892125507
3.7017689447072804
3.7265958547780564
3.6877689476947673
3.6937778083950983
3.683627618176797
3.6469616761546013
3.6483002882962183
3.624089215712811
3.6498029267698255
3.6300931881573932
3.587365829918044
3.5761301925016573
3.5353135595570846
3.5898256309539964
3.564686438839535
3.5972528101725287
3.525398915523847
3.5057494955870876
3.5190969159118732
3.498736168410278
3.4581226463221926
3.48585568055496
3.4901969923189924
3.4524512145151767
3.4254475333037226
3.436499022036662
3.4466684744201532
3.4324558160682157
3.3972812869054225
3.3856213659306835
3.3682428749379003
3.3997492645412697
3.39149081257578
3.3351171140740234
3.3342275270415485
3.3417166060785575
3.343588656584327
3.325935647777737
3.3094978304565097
3.311391223950568
3.315469806555398
3.2810910791978314
3.2835136139494807
3.3065090690994383
3.2811470503847704
3.2737400074965355
3.2602254630326044
3.2384919803691536
3.2426939667796066
3.2253650674541494
3.2284820776331795
3.2214358382159274
3.237045282964011
3.230270108799891
3.220070842564571
3.1946574709597555
3.1810256821299254
3.1735916008701768
3.1619660675856722
3.152998672796871
3.1501674906858783
3.1523446151546
3.1454630790535747
3.1444442081675836
3.1282260214202235
3.115240592736593
3.1042449775261662
3.1111205966116744
3.091895383120341
3.1110767950200486
3.0975385322405966
3.0963754503895076
3.1007855678613168
3.092088146364863
3.062168494134412
3.052795575596167
3.0512488948513354
3.042026883580172
3.0627370443465773
3.0185913856586284
3.024728831249695
3.0403677076947497
3.01381031356002
3.0120595776433197
3.0172930710510264
3.0028782505901472
2.9926722753792294
2.976608790535238
2.9793083765085613
2.987266425095886
2.963605690316906
2.9750515190510756
2.94051652113194
2.9540558809803885
2.940821562244164
2.945467907691466
2.9269201370829
2.9278211951526236
2.9333706117896328
2.8958729336676083
2.9252937286649785
2.888056581790015
2.898296119282138
2.880750799139855
2.909167895367691
2.8993035210334983
2.8772237200200923
2.862491302501203
2.8571752566143687
2.8624330944442002
2.8545315016956283
2.839679423817943
2.841293631288795
2.846298729615464
2.8201059229670067
2.8266326893372957
2.8040147981882066
2.8048660712632953
2.799048835269159
2.7921416819221534
2.8113622790848307
2.7998039503242853
2.7716532806122016
2.7930907610815483
2.771079811383565
2.7901460453803972
2.774935893311815
2.766552107561788
2.747909662282709
2.766957164316216
2.715394697992842
2.7441102500206944
2.7163367023704135
2.738201139323267
2.7035800731278643
2.721133754751845
