32563 30778
32423 30624
32312 30527
32368 30603
32551 30656
32187 30446
32426 30673
32376 30614
32214 30380
32435 30675
32645 30784
32383 30603
32451 30675
32314 30523
32201 30417
30673 28976
27796 26224
25535 24050
23644 22390
21600 20281
19909 18767
18046 16900
16342 15238
14890 13878
13923 12832
12549 11564
11792 10757
10814 9743
9822 8721
8926 7888
7724 6657
7522 6449
6729 5681
6111 5016
5625 4588
5024 3912
4637 3564
4065 3037
3602 2509
3563 2451
3353 2171
2819 1629
2765 1591
2302 1223
2011 938
1888 882
1863 704
1612 538
1479 460
1527 352
1484 287
1337 205
1188 140
1160 87
1178 39
1131 27
1084 11
1058 8
1075 0
978 0
1034 0
993 0
1040 0
996 0
942 0
1003 0
996 0
941 0
999 0
996 0
896 0
937 0
1022 0
995 0
957 0
913 0
936 0
1001 0
1042 0
964 0
963 0
845 0
885 0
894 0
894 0
915 0
909 0
893 0
937 0
804 0
967 0
1008 0
954 0
947 0
847 0
863 0
981 0
910 0
898 0
923 0
877 0
1101 0
867 0
1022 0
900 0
887 0
808 0
845 0
855 0
901 0
880 0
906 0
870 0
878 0
1004 0
947 0
819 0
820 0
838 0
836 0
888 0
929 0
825 0
923 0
843 0
823 0
809 0
825 0
819 0
810 0
833 0
904 0
779 0
865 0
855 0
805 0
848 0
797 0
969 0
800 0
884 0
974 0
792 0
766 0
846 0
841 0
834 0
774 0
759 0
784 0
896 0
792 0
748 0
803 0
788 0
896 0
800 0
837 0
823 0
755 0
786 0
796 0
740 0
789 0
827 0
775 0
759 0
749 0
781 0
681 0
738 0
735 0
771 0
869 0
791 0
807 0
749 0
783 0
753 0
767 0
791 0
843 0
754 0
844 0
718 0
756 0
744 0
773 0
736 0
734 0
791 0
826 0
804 0
799 0
672 0
797 0
725 0
683 0
659 0
735 0
684 0
733 0
718 0
781 0
710 0
689 0
788 0
804 0
743 0
686 0
668 0
638 0
732 0
702 0
643 0
678 0
661 0
675 0
695 0
669 0
655 0
621 0
594 0
692 0
734 0
654 0
666 0
663 0
644 0
646 0
633 0
653 0
623 0
609 0
648 0
573 0
616 0
631 0
669 0
593 0
581 0
640 0
589 0
624 0
643 0
678 0
568 0
597 0
618 0
636 0
619 0
618 0
625 0
603 0
594 0
625 0
610 0
613 0
626 0
616 0
589 0
575 0
600 0
565 0
570 0
571 0
573 0
593 0
609 0
588 0
585 0
595 0
581 0
575 0
583 0
561 0
546 0
559 0
567 0
562 0
571 0
568 0
557 0
558 0
532 0
552 0
557 0
555 0
564 0
546 0
557 0
532 0
548 0
545 0
528 0
545 0
541 0
537 0
538 0
530 0
529 0
545 0
546 0
535 0
551 0
526 0
545 0
539 0
526 0
551 0
529 0
525 0
520 0
531 0
525 0
527 0
540 0
511 0
509 0
537 0
525 0
523 0
538 0
500 0
501 0
528 0
524 0
503 0
530 0
522 0
522 0
508 0
516 0
538 0
516 0
502 0
496 0
512 0
518 0
514 0
520 0
508 0
482 0
510 0
492 0
497 0
505 0
520 0
497 0
516 0
490 0
496 0
489 0
494 0
495 0
499 0
515 0
507 0
503 0
482 0
501 0
482 0
480 0
480 0
491 0
489 0
494 0
483 0
477 0
481 0
491 0
485 0
480 0
483 0
471 0
455 0
473 0
479 0
462 0
473 0
470 0
467 0
474 0
463 0
466 0
458 0
475 0
466 0
479 0
468 0
459 0
463 0
475 0
467 0
465 0
456 0
463 0
481 0
468 0
455 0
465 0
465 0
454 0
457 0
468 0
466 0
473 0
464 0
460 0
445 0
461 0
455 0
452 0
458 0
459 0
453 0
463 0
455 0
457 0
460 0
452 0
457 0
444 0
451 0
450 0
457 0
457 0
449 0
442 0
433 0
454 0
451 0
446 0
450 0
448 0
443 0
453 0
452 0
454 0
440 0
442 0
442 0
435 0
448 0
445 0
445 0
444 0
441 0
432 0
442 0
436 0
445 0
435 0
444 0
435 0
443 0
439 0
438 0
449 0
432 0
437 0
443 0
441 0
446 0
449 0
443 0
442 0
439 0
444 0
433 0
