22.876776528402644
22.54793527400584
22.12107484577993
21.72501036048273
21.542072362094437
21.191906486136652
20.939565364211727
20.534134711502908
20.117846003364825
19.92428219680171
19.628645761300895
19.28520722414484
19.055150166902777
18.776472101236017
18.56298484420133
18.373980280761334
18.11253334568198
17.841451120008195
17.478247594329158
17.344908007706458
17.125998302920586
16.98560648705907
16.640828155371537
16.62124823399574
16.34391447189665
16.1207701701254
15.912435140915445
15.751365449164659
15.652725900728138
15.410652672147284
15.173953997004828
14.972821243798185
14.82848464951756
14.778502721951092
14.63139277058701
14.468578817815388
14.344367059580463
14.202483284627279
14.062471691582513
13.82868960244215
13.699502260687186
13.563739479565857
13.482074989036846
13.290155701865466
13.191169534708331
13.123039514582631
12.96515517667541
12.834634188185838
12.747624232250855
12.605596045543061
12.496713812137488
12.383392118645407
12.254528584720992
12.090059728307306
12.041990259039132
11.889707326984292
11.862859690737306
11.685637158790705
11.625703456169468
11.57016076684457
11.301307236801541
11.367186221077027
11.205909981482979
11.105556660144284
11.043353238725366
10.953897375048609
10.850221577008087
10.789426016158481
10.72202516164159
10.689914109933875
10.60942583226571
10.540892910254666
10.464404163161426
10.25450493468298
10.27536333520172
10.176341646647803
10.034598825784387
10.027054187504882
9.897410329849535
9.8585714796098
9.731771192981796
9.675191745176866
9.608969773212198
9.592222822935955
9.500263081077318
9.489969278735908
9.373365733123773
9.276278521130845
9.294063442516153
9.15779110349738
9.094881512737068
9.093612539136078
9.059708496954077
8.968371095738643
8.873415501640348
8.814422417926068
8.80099915463045
8.66227441827792
8.741817802836302
8.640187013680542
8.54150994186025
8.456239692821473
8.507865964236496
8.401921819596815
8.360498503774288
8.271587112074862
8.341791539316851
8.207506295817005
8.151072293249527
8.074528085776318
8.11232827573652
8.054673185942475
7.974982179577669
7.902792717865777
7.9030941505752255
7.891968109042757
7.822391945064329
7.720004176748816
7.746077617397879
7.634897007636173
7.570026966281967
7.571455603028271
7.493514607820535
7.4985561219242935
7.478615680643362
7.425788335724239
7.389575017452508
7.3103504284650285
7.308180769976429
7.314763931771856
7.2127285533703756
7.123651661260383
7.143457100152846
7.077957998112961
7.07730484626275
6.993062509852889
6.999073332567271
6.957130458611655
6.925395861579018
6.87525886475406
6.84489983314093
6.865605747413524
6.753604813701024
6.729056070927463
6.737993749228826
6.707153730069095
6.658696857671807
6.672227472227414
6.611703964962034
6.615536584646784
6.502766199534835
6.5093264497160135
6.477868595581183
6.449672808409259
6.404848844222079
6.411355160404173
6.363406689819439
6.346725450156182
6.315512897294375
6.2653496006250595
6.2465224866434825
6.210234732913483
6.202591875298185
6.192231858792825
6.137060026161068
6.1257301816811065
6.096627495512262
6.037838210272543
5.9996892990719655
5.961880580456773
6.000965493659448
5.977342985986208
5.895522080126655
5.8973186311190595
5.835611152313788
5.774196181520662
5.827172317699297
5.7384788057136005
5.7574432630439425
5.744600156834294
5.69324071750767
5.676841850857613
5.683230737226177
5.634742190562627
5.610823010500289
5.613095846216243
5.598437646262976
5.557398633233651
5.502074307344882
5.482815305167715
5.482163820683234
5.459263698522116
5.420520690797112
5.450056444674139
5.386372822354142
5.382584703180735
5.35410759879991
5.302456809805488
5.321788259290852
5.300244245125566
5.319715867038839
5.284711091972485
5.25081645406879
5.2305883375807705
5.184343525338125
5.180823869087169
5.153139713309156
5.1308539729571105
5.169092714365679
5.093306920334114
5.099815585034726
5.103940801050124
5.051700372810376
5.01140137824063
4.991231669204307
5.009298886852707
5.01775321034844
4.940634163117
4.922467384800984
4.925595864786999
4.946284851975179
4.87831872726257
4.866300825584085
4.86327804752581
4.817147588427101
4.804491191176767
4.800934410667496
4.764429685050218
4.80671906242839
4.773574693660891
4.730928186056337
4.746309820433173
4.68352557986147
4.70461769446494
4.6889165323243445
4.637977348090601
4.6419662479960335
4.619679649290365
4.604312005121754
4.623528358414769
4.575559619859141
4.606728308207257
4.518908963993679
4.538810526092766
4.516683579314668
4.455473122844532
4.482657561553912
4.478825388591165
4.4217598401529905
4.453654577530906
4.429637839327819
4.438720014962387
4.366657891829248
4.4077715843016545
4.3920418292018715
4.336127187850071
4.3260785116797935
4.359088387566069
4.308022378350172
4.280519214357168
4.247325095107888
4.290474881053842
4.252258877184465
4.242863564972344
4.209685938540292
4.217903638153171
4.1983058324206475
4.183327236981928
4.184678664941148
4.206825990925854
4.1762123896522825
4.152117098778547
4.120690051002207
4.122897152849657
4.10229491634921
4.0891774346371585
4.075457783860897
4.084096922881499
4.079252782548829
4.070188768262792
4.065742107520601
4.058807958692137
4.017245845372754
4.02086323007288
3.9818613208753506
3.969153187478105
4.012122754826578
3.9786001972779785
3.929129460682907
3.9467779078117293
3.9054801082401127
3.9085788811911653
3.9262418742293153
3.917565749150344
3.883570620994267
3.8961933466543135
3.886317376298557
3.869501821419167
3.848796936724448
3.826049678494792
3.8300137011964126
3.830833451378635
3.8141062563799553
3.7981063219496605
3.8019780545079995
3.7968521380481386
3.8019131427405797
3.782003402910277
3.7080335019375528
3.7346651350665567
3.7507915082201952
3.7176775766637093
3.726379761346152
3.7121858784176176
3.7253217255134885
3.6987966730455355
3.669824057939886
3.6703884347080202
3.664037037481421
3.6697665678202274
3.6343384054772105
3.634478687777364
3.603703125651582
3.5996684911984107
3.5766275834865517
3.57155013440949
3.5868695309363194
3.546908256675333
3.575967355915388
3.5588362012616015
3.5608963675246694
3.501918393186975
3.5362685097216993
3.4660381940710754
3.5152689231172056
3.4274036882912924
3.51032436387909
3.497410537635251
3.4874192185676836
3.447746265405874
3.4708101583600866
3.4645896763643145
3.4119232362703245
3.4250904613023523
3.3757691442282702
3.3768160698130876
3.342965760703801
3.3477033892638133
3.343122896639147
3.34310204054286
3.313756881831091
3.3123103993108542
3.342742565634085
3.3254656076705853
3.2975860662390826
3.2890279750089393
3.2633676924880275
3.297804668107956
3.2481275548978923
3.2468325591873963
3.251478439393168
3.2465521573262026
3.2490709609073107
3.22726300619438
3.2412915625135157
3.2037929761054054
3.2198915358315503
3.199087674503553
3.2122990692661233
3.2017917996842744
3.213738446208481
3.1693654200059065
3.174989330069093
3.176499941102099
3.1566260455004223
3.1480541637966235
3.1578466643988987
3.162053785473984
3.1434495761361245
3.1399704208153203
3.122348791851368
3.1109562544585856
3.1304801336463175
3.0888885024614297
3.0976387327704513
3.0795938106958145
3.0781285798849467
3.0680169433422613
3.070897042634765
3.0795865669048568
3.067924132355415
3.055049906100985
3.0613978668082473
3.038522373285061
3.033956218901417
3.0123922367461384
3.026128382738784
3.006753339888078
2.99683974448435
3.018797021677046
3.0154230013317376
3.0105335517123786
2.973989652216626
2.9587081147786716
3.006148780743167
2.9551088489322748
2.9825570449517684
2.9619204319905297
2.9214904409023754
2.964756482899957
2.9370833136365513
2.929591086323903
2.9389549101886723
2.943442510388152
2.9107274167687502
2.922947378654044
2.9096850266684626
2.8996346639832833
2.882827961288574
2.8794082091134987
2.881573101303661
2.8960451228247712
2.868973359759441
2.870690153962796
2.8671695899543828
2.8507265252600247
2.841475115199091
2.8084333609001715
2.852742668566443
2.8265006012176404
2.8496429706345703
2.8300748104503146
2.8009909858912354
2.799357009037039
2.806637535132713
2.797311210880366
2.7983743625723125
2.764251073473149
2.7670465596199394
2.784799977837249
