23298109 4420089
23286167 4431845
23236471 4481057
23256293 4461423
23236124 4481588
23282969 4434829
23235348 4482256
23247192 4470385
23256741 4461328
23269495 4448608
23277800 4439884
23282899 4435167
23252438 4465455
23263375 4454317
23245745 4472078
23412169 4307520
23715714 4006878
23932457 3792365
24115362 3611281
24370377 3358602
24500376 3229637
24800483 2932026
24975987 2757530
25190513 2544972
25323861 2412435
25508690 2228878
25630659 2107789
25780069 1959945
25980984 1760328
26019752 1721878
26238148 1504863
26312675 1430698
26448601 1295568
26583911 1161044
26668079 1077442
26771675 974573
26860492 885726
26966937 780027
27051149 696406
27072644 675116
27150921 597005
27253556 495058
27280100 468665
27369878 378895
27427823 321353
27461914 287632
27494718 254690
27568386 181635
27582376 167693
27627579 122687
27641438 108858
27661559 88836
27679548 70924
27707591 42975
27716648 33948
27723231 27398
27738500 12187
27739607 11079
27746861 3843
27748056 2689
27750730 0
27750774 0
27750784 0
27750741 0
27750756 0
27750761 0
27750764 0
27750769 0
27750749 0
27750793 0
27750797 0
27750770 0
27750758 0
27750761 0
27750765 0
27750782 0
27750784 0
27750758 0
27750786 0
27750784 0
27750784 0
27750776 0
27750773 0
27750774 0
27750788 0
27750801 0
27750792 0
27750792 0
27750777 0
27750780 0
27750791 0
27750783 0
27750799 0
27750781 0
27750796 0
27750791 0
27750794 0
27750798 0
27750814 0
27750791 0
27750811 0
27750797 0
27750800 0
27750807 0
27750798 0
27750803 0
27750784 0
27750806 0
27750817 0
27750821 0
27750798 0
27750812 0
27750801 0
27750836 0
27750808 0
27750822 0
27750808 0
27750798 0
27750808 0
27750832 0
