34749 32899
35094 33020
34796 32707
34923 32833
35066 33021
34946 33020
34802 32844
34644 32748
34540 32618
34370 32411
34852 32871
34562 32571
34475 32635
34566 32674
34496 32612
32926 31075
29893 28253
27662 26171
25274 23812
22887 21585
21607 20416
19562 18440
17772 16652
16292 15150
15001 13916
13700 12620
12938 11882
11668 10627
10882 9855
10034 8900
8847 7814
8400 7228
7443 6483
6798 5754
6256 5170
5536 4484
5178 4090
4676 3579
4164 3110
4037 2928
3604 2521
3055 2042
3136 1862
2941 1640
2459 1325
2429 1180
2094 1010
1852 718
1664 667
1628 443
1543 423
1369 305
1405 241
1355 130
1221 96
1300 87
1020 42
1133 38
1009 4
1096 7
987 0
971 0
1041 0
993 0
1009 0
1076 0
938 0
961 0
1106 0
987 0
917 0
983 0
1032 0
974 0
1007 0
917 0
860 0
909 0
973 0
923 0
1020 0
939 0
933 0
959 0
947 0
880 0
943 0
906 0
909 0
912 0
1003 0
973 0
921 0
971 0
963 0
933 0
925 0
907 0
904 0
980 0
913 0
890 0
846 0
890 0
891 0
926 0
871 0
842 0
897 0
774 0
966 0
985 0
980 0
919 0
935 0
895 0
805 0
965 0
867 0
907 0
843 0
977 0
904 0
763 0
787 0
858 0
874 0
827 0
861 0
911 0
829 0
802 0
894 0
781 0
833 0
860 0
822 0
916 0
806 0
779 0
757 0
817 0
722 0
938 0
852 0
845 0
874 0
772 0
822 0
870 0
885 0
804 0
829 0
1047 0
804 0
747 0
764 0
772 0
877 0
891 0
827 0
740 0
855 0
743 0
720 0
767 0
807 0
923 0
796 0
868 0
752 0
790 0
864 0
785 0
790 0
783 0
713 0
697 0
734 0
691 0
787 0
788 0
790 0
717 0
730 0
771 0
836 0
730 0
730 0
716 0
770 0
689 0
724 0
681 0
660 0
719 0
742 0
688 0
766 0
740 0
732 0
740 0
699 0
708 0
758 0
794 0
705 0
682 0
686 0
729 0
731 0
645 0
682 0
674 0
690 0
666 0
735 0
646 0
699 0
658 0
755 0
794 0
641 0
650 0
725 0
674 0
653 0
674 0
666 0
640 0
677 0
706 0
716 0
692 0
667 0
662 0
671 0
669 0
623 0
617 0
588 0
652 0
644 0
621 0
648 0
637 0
599 0
618 0
613 0
594 0
612 0
581 0
624 0
636 0
649 0
619 0
620 0
626 0
591 0
640 0
630 0
615 0
614 0
583 0
563 0
590 0
594 0
598 0
593 0
605 0
571 0
612 0
569 0
580 0
600 0
596 0
577 0
590 0
588 0
557 0
571 0
591 0
565 0
555 0
571 0
586 0
561 0
575 0
552 0
581 0
596 0
559 0
578 0
561 0
553 0
551 0
564 0
542 0
553 0
589 0
557 0
547 0
545 0
554 0
534 0
539 0
557 0
553 0
534 0
523 0
550 0
526 0
524 0
536 0
539 0
509 0
525 0
536 0
530 0
532 0
533 0
519 0
533 0
515 0
531 0
542 0
507 0
534 0
525 0
531 0
520 0
541 0
521 0
520 0
531 0
516 0
518 0
511 0
501 0
532 0
509 0
511 0
523 0
504 0
506 0
507 0
524 0
516 0
512 0
516 0
498 0
522 0
518 0
503 0
520 0
514 0
518 0
506 0
503 0
500 0
519 0
488 0
498 0
522 0
500 0
516 0
503 0
489 0
499 0
491 0
485 0
496 0
498 0
498 0
485 0
487 0
488 0
490 0
487 0
490 0
488 0
493 0
484 0
497 0
495 0
489 0
489 0
493 0
481 0
482 0
495 0
471 0
478 0
481 0
485 0
474 0
478 0
479 0
470 0
460 0
474 0
469 0
486 0
468 0
472 0
476 0
475 0
465 0
463 0
475 0
469 0
454 0
450 0
463 0
465 0
442 0
473 0
456 0
463 0
458 0
451 0
467 0
454 0
455 0
451 0
469 0
449 0
455 0
474 0
458 0
460 0
461 0
465 0
448 0
448 0
449 0
453 0
455 0
456 0
458 0
458 0
452 0
449 0
441 0
457 0
458 0
450 0
447 0
456 0
443 0
441 0
455 0
450 0
440 0
440 0
447 0
450 0
454 0
447 0
437 0
446 0
447 0
440 0
438 0
439 0
438 0
438 0
443 0
428 0
442 0
