56649766 8810301
56710901 8749302
56695939 8762761
56771608 8688449
56729079 8730093
56641321 8817965
56674482 8784322
56644989 8814847
56729117 8729922
56789642 8670280
56737704 8722625
56756534 8703890
56694564 8765056
56623924 8835718
56656755 8802437
56847664 8612825
57367606 8095018
57963480 7501625
58454301 7012413
58892371 6575998
59333432 6135917
59891586 5578868
60195006 5276543
60632371 4841462
61079516 4394478
61363715 4111896
61750580 3726249
62016684 3460774
62304980 3173289
62595816 2883245
62824323 2655188
63106240 2374000
63321385 2159045
63616567 1864541
63825150 1655854
63987863 1494069
64200880 1281731
64343225 1139686
64509675 973520
64637448 845978
64774518 709198
64904340 579605
65009427 474676
65097818 385809
65198970 285456
65233930 250581
65293054 191575
65333209 151493
65393960 90821
65423572 61263
65446016 38840
65457974 26912
65477902 7021
65482818 2110
65484943 0
65484947 0
65484956 0
65484936 0
65484960 0
65484944 0
65484968 0
65484971 0
65484946 0
65484944 0
65484962 0
65484974 0
65484964 0
65484971 0
65484977 0
65484972 0
65484970 0
65484993 0
65484978 0
65484985 0
65484990 0
65484971 0
65484990 0
65484975 0
65484988 0
65484990 0
65484986 0
65484996 0
65484983 0
65484993 0
65484992 0
65485015 0
65484992 0
65485004 0
65485012 0
65484998 0
65484991 0
65484990 0
65484993 0
65485006 0
65485004 0
65485002 0
65485022 0
65485017 0
65485014 0
65485001 0
65485008 0
65485014 0
65485018 0
65485009 0
65485017 0
65485013 0
65485012 0
65485035 0
65485043 0
65485034 0
65485032 0
65485010 0
65485025 0
65485030 0
65485042 0
65485016 0
65485012 0
65485035 0
65485032 0
65485028 0
