20.33794224235715
19.967662200609876
19.705703127367904
19.417071273344284
19.11890944527601
18.77599449017862
18.56929679028219
18.308728863137468
17.934380658468633
17.653618035707677
17.540826672918385
17.18317509153991
16.959079644555636
16.679883416375784
16.438504831671118
16.166517910308652
16.048854100575163
15.878762140895123
15.709223960951636
15.466536122219182
15.22518374815458
15.157310023464902
14.837540973003293
14.631509583562456
14.567857740562793
14.396914067318203
14.117683283732303
13.958035764808706
13.825036658500876
13.76664767026097
13.51543199230532
13.329088345662699
13.23104852825767
13.095063309508705
12.929852994843667
12.883325246679815
12.704907644394725
12.50410295827044
12.401094259340358
12.290221993257928
12.225247378410899
12.005634965988781
11.920101063462845
11.842102104515103
11.701615590500548
11.62086631328749
11.521032222309533
11.457168514398582
11.324829792100191
11.118744332964607
11.09263111180294
10.955428621617598
10.88842905302471
10.840161362145839
10.7608050012951
10.619706409095286
10.535830007186151
10.411554686654654
10.371007095514123
10.196525568260068
10.201799369179938
10.03237509607563
9.996343837339259
9.84861173431857
9.865380843114826
9.753947328085218
9.705596667404604
9.57334100538885
9.575610327046864
9.473135431934928
9.411601653444578
9.29466392481519
9.243637023176824
9.19644693529516
9.107288239137551
9.035985838869568
8.964201322858276
8.968764856263304
8.835978711872963
8.756314988878408
8.663560665190502
8.676464769857157
8.525627544015691
8.50865888921344
8.44132508497586
8.41224517364152
8.35812518799139
8.319584083290337
8.244873515516165
8.19543787300854
8.12602323287376
8.08257691074105
8.036435907810688
7.975990348825151
7.966272075919039
7.843214047106231
7.803497540257599
7.75248658181165
7.736508462154856
7.670784491751765
7.617121775207274
7.538870962141628
7.515745277043561
7.488585549259767
7.414235865440618
7.373151044152346
7.347594534488044
7.263710376819363
7.2780465095978295
7.235799296560413
7.206608752100546
7.1429302079923715
7.084498927368736
7.0425882624659835
7.012588078854799
7.009714857257859
6.917953041828785
6.885636110588903
6.804143146881363
6.7792662311546845
6.754740670962397
6.735862468921537
6.705491202533483
6.639284505225394
6.617718180673114
6.555895503602141
6.534854471687108
6.530748366089479
6.498908404003096
6.480779066396158
6.398177803943236
6.364319022604523
6.328367701289903
6.29946487743503
6.277935825042734
6.2377876302237
6.207752804895808
6.199613997954075
6.148733345397522
6.141546964481927
6.089468415019319
6.091608636138385
6.064661877419208
6.023502152616855
5.979909263865748
5.940361210802143
5.965766202151838
5.907502525516243
5.835881000066211
5.8625801994055795
5.803017146183335
5.780767929187535
5.777174590955942
5.702289765769312
5.721697360925305
5.710138244907739
5.664486726484233
5.643640613286996
5.612477938445053
5.592418395985862
5.537941190141259
5.520712053976967
5.529719077664754
5.499304531810109
5.438536992076569
5.451875876127615
5.36361102982878
5.38613554259402
5.322965354300987
5.308005365067756
5.271180712022842
5.24410250714508
5.2365514002061495
5.246183376062604
5.199323032445728
5.18401062266334
5.1558409739939
5.126738112366956
5.130480423290301
5.145271283544103
5.077604590717117
5.039433699740639
5.026203974545706
5.025247051720621
4.9887325616178355
5.002612819484007
4.973546360032074
4.929196696715712
4.910907624370385
4.901311007590693
4.853825283961242
4.84822446555575
4.804880999522798
4.835784823672993
4.835619200309741
4.797915323070933
4.763357434574455
4.752172760175112
4.712596381746225
4.689368640616715
4.681492634855565
4.679037340570996
4.641142931136219
4.64380925979302
4.6384092806197375
4.59052863264691
4.589529548602195
4.595868829442352
4.583779930716334
4.535630602048313
4.508936545848849
4.5235756868293535
4.509756043746729
4.458512744140887
4.463862310406419
4.477056318046698
4.433321670013704
4.409215846354409
4.368577469848804
4.383828660154893
4.390329970968305
4.347521563372243
4.32235913759786
4.311162342174584
4.287863684561162
4.252749137908259
4.264692168622548
4.241952316887978
4.2011061605077655
4.197017367878175
4.232213423931566
4.1674621664792175
4.198828734195888
4.133582875256957
4.153737995678302
4.131749764731722
4.121550400815242
4.101510794741984
4.0964743787288675
4.055911658780197
4.034000580899249
4.049803998272791
4.037775233147595
4.027482463049955
4.015747354881251
3.9917158771279446
3.993378461927041
3.996436029447186
3.9376995486835127
3.9187000403129604
3.9262979336877466
3.9231662153149953
3.906874749320216
3.8854496446327174
3.880706799777431
3.876438942705299
3.8687287558888035
3.8201544979875326
3.810755993143375
3.8583935602833206
3.803940287347241
3.802826183049328
3.799375603139927
3.7723389599459325
3.7552376701678987
3.7612046817708347
3.7309734101876733
3.761466481777177
3.721129078526997
3.713448438222408
3.697992328609885
3.6699742155215516
3.6714459513532254
3.6821150939269045
3.663357426545001
3.6335501905363343
3.6327841116165156
3.614033111631265
3.615166446975593
3.595207254870265
3.5729488773328355
3.591440535585139
3.5672817293469095
3.563876251682882
3.539491436456035
3.553952989275954
3.5245405512526666
3.525114246429114
3.5265021231924765
3.489518202440436
3.4657376289513286
3.4696701064485547
3.4323719721304675
3.4482994841990395
3.462108059879447
3.4237734025879947
3.4258392645456386
3.4290156759057844
3.4040359571307364
3.394602144223404
3.3912265064589087
3.388756993327952
3.35624910485566
3.3662659197022458
3.366975245038975
3.3181845768690708
3.347089731385422
3.3399848876610756
3.306911383970248
3.3261391126699893
3.3020859227573647
3.282066776053175
3.3043842337623257
3.2709642770444614
3.2731805919511086
3.2402170876146945
3.230498158408959
3.246180187558675
3.2051452516859853
3.203666688448111
3.2132431921135547
3.2137580103560843
3.1859156247231297
3.1857476413552375
3.161767959170743
3.1517841381864424
3.1459483823827825
3.1437917377237863
3.1268478184188346
3.1192581477302315
3.1098720551776067
3.1364019273494024
3.119551951344701
3.1095430984945325
3.076309994513758
3.091061839114582
3.0838616710081013
3.0861372932819906
3.0615940737316487
3.0462274974960044
3.0494429238510206
3.0400790284084223
3.018676523135589
3.005067971885901
3.016994833229633
3.0195256133011075
2.999573161763565
2.99387760463826
2.9734965683498604
2.9972031893159987
2.96294303404703
2.9756031627835067
2.9618732580988834
2.938993468804438
2.9644964337934105
2.9294622132284527
2.9434170915938553
2.906479962285216
2.9066906923249007
2.8949132850789736
2.885306913003255
2.9143635757839546
2.889175173434651
2.8884855000097858
2.8841348264724003
2.868659338866148
2.8560860832791355
2.8713135727540977
2.8478206457248643
2.8496346965544217
2.8416900293957132
2.8414434589533695
2.828056802448323
2.818417812657517
2.79266353094863
2.793655054950384
2.8078542964166626
2.8010970976731526
2.807192099226149
2.7865882928912855
2.7862939036362517
2.786175395297787
2.766500035235679
2.759230665180153
2.7617939625465033
2.7576824964628757
2.745831497828785
2.7439472785696646
2.7282754188770175
2.7171718703145187
2.7128476609782957
2.689213779174413
2.695003475069784
2.697722308707944
2.6796784253266765
2.687635206214509
2.695023160132387
2.6717972847051805
2.671744973748673
2.6593291288069167
2.6532854163559474
2.658599711412819
2.638042207945378
2.623714270265282
2.6356006838573647
2.616531773101019
2.6036500913122906
2.6252335774329754
2.6099280966370135
2.580627592248038
2.5879938413260333
2.5957320467814045
2.588142252322082
2.590521450505912
2.5801829127157863
2.581620681241668
2.5368839127374625
2.5408713114270087
2.5546592883065613
2.5416897060582686
2.5522889159221815
2.5363260967748014
2.532711384867161
2.525465599968527
2.521779629056523
2.506479868407375
2.5050750463743405
2.5078454826136296
2.4903046611157924
2.4824633979837563
2.491425006667555
2.472938104719069
2.459915011397243
2.5006809544495763
2.4852662289768794
2.463351184913754
2.4632896898040872
2.456079020572556
2.4459307809814437
2.450839323258015
