11290266 1924321
11282949 1931350
11285450 1929073
11263631 1950528
11285201 1929479
11281463 1932821
11282396 1932094
11273512 1941022
11271295 1942892
11267321 1946862
11260680 1953312
11280887 1933480
11269979 1944453
11277896 1936666
11260122 1954120
11293024 1921828
11413605 1803591
11548703 1671460
11627163 1594172
11720119 1503050
11830620 1394385
11925431 1301301
12016981 1211109
12118346 1111574
12195730 1034820
12242534 989048
12331251 901808
12386588 847092
12470636 764072
12532365 703246
12564136 671924
12639925 597091
12684621 552843
12732169 505991
12796620 442296
12842066 397316
12899111 340862
12919365 320866
12957480 283125
12977628 263202
13019788 221309
13041656 199544
13077985 163772
13097331 144623
13123462 118743
13140421 101931
13159171 83355
13169551 73087
13188922 53844
13205211 37686
13212712 30262
13220370 22655
13226509 16569
13232269 10859
13235030 8104
13239242 3929
13241521 1692
13242496 717
13243238 0
13243241 0
13243242 0
13243233 0
13243231 0
13243245 0
13243258 0
13243255 0
13243258 0
13243260 0
13243255 0
13243250 0
13243241 0
13243250 0
13243249 0
13243251 0
13243257 0
13243270 0
13243267 0
13243245 0
13243275 0
13243254 0
13243278 0
13243282 0
13243269 0
13243271 0
13243273 0
13243280 0
13243277 0
13243270 0
13243285 0
13243287 0
13243285 0
13243288 0
13243266 0
13243297 0
13243285 0
13243297 0
13243295 0
13243304 0
13243272 0
13243294 0
13243302 0
13243290 0
13243295 0
13243305 0
13243279 0
13243296 0
13243297 0
13243299 0
13243303 0
13243293 0
13243298 0
13243308 0
13243302 0
13243311 0
13243300 0
13243301 0
13243321 0
13243305 0
13243307 0
13243314 0
13243308 0
13243315 0
13243303 0
13243308 0
13243310 0
13243316 0
13243322 0
13243307 0
13243318 0
13243320 0
13243310 0
13243317 0
13243300 0
13243320 0
13243323 0
13243324 0
13243320 0
13243313 0
13243328 0
13243321 0
13243314 0
13243320 0
13243330 0
13243329 0
13243327 0
13243326 0
13243336 0
13243326 0
13243325 0
13243342 0
13243336 0
13243341 0
13243329 0
13243328 0
13243331 0
13243337 0
13243327 0
13243339 0
13243339 0
13243337 0
13243342 0
13243334 0
13243328 0
13243338 0
13243348 0
13243341 0
13243341 0
13243338 0
13243343 0
13243348 0
13243347 0
13243334 0
13243349 0
13243354 0
13243350 0
13243354 0
13243348 0
13243351 0
13243349 0
13243369 0
13243362 0
13243349 0
13243358 0
13243358 0
13243355 0
13243359 0
13243349 0
13243366 0
13243350 0
13243362 0
13243340 0
13243357 0
13243354 0
13243356 0
13243356 0
13243362 0
13243354 0
13243363 0
13243354 0
13243367 0
13243368 0
13243367 0
13243366 0
13243360 0
13243356 0
13243365 0
13243357 0
13243376 0
13243376 0
13243371 0
13243364 0
13243363 0
13243385 0
13243373 0
13243363 0
13243372 0
13243368 0
13243374 0
13243367 0
13243388 0
13243367 0
13243358 0
13243375 0
13243372 0
13243367 0
13243373 0
13243367 0
13243384 0
13243378 0
13243379 0
13243367 0
13243381 0
13243386 0
13243376 0
13243384 0
13243386 0
13243374 0
13243385 0
13243389 0
13243381 0
13243366 0
13243393 0
13243387 0
13243393 0
13243386 0
13243383 0
13243396 0
13243384 0
13243387 0
13243387 0
13243380 0
13243386 0
13243380 0
13243397 0
13243393 0
13243384 0
13243388 0
13243380 0
13243396 0
13243389 0
13243393 0
13243389 0
13243378 0
13243388 0
13243391 0
13243394 0
13243393 0
13243391 0
13243393 0
13243388 0
13243393 0
13243394 0
13243407 0
13243391 0
13243406 0
13243394 0
13243393 0
13243390 0
13243411 0
13243397 0
13243403 0
13243404 0
13243391 0
13243395 0
13243392 0
13243404 0
13243395 0
13243396 0
13243394 0
13243399 0
13243399 0
13243389 0
13243406 0
13243401 0
13243404 0
13243401 0
13243401 0
13243409 0
13243394 0
13243407 0
13243413 0
13243417 0
13243404 0
13243404 0
13243412 0
13243410 0
13243412 0
13243389 0
13243414 0
13243400 0
13243399 0
13243402 0
13243406 0
13243411 0
13243417 0
13243399 0
13243406 0
13243411 0
13243409 0
13243400 0
13243403 0
13243401 0
13243409 0
13243397 0
13243424 0
13243414 0
13243410 0
13243415 0
13243419 0
13243416 0
13243408 0
13243413 0
13243415 0
13243414 0
13243404 0
13243407 0
13243415 0
13243419 0
13243419 0
13243413 0
13243420 0
13243418 0
13243423 0
13243406 0
13243418 0
13243414 0
13243419 0
13243410 0
13243436 0
13243425 0
13243423 0
13243428 0
13243414 0
13243421 0
13243427 0
13243422 0
13243417 0
13243421 0
13243417 0
13243426 0
13243414 0
13243429 0
13243417 0
13243426 0
13243422 0
13243416 0
13243430 0
13243429 0
13243422 0
13243422 0
13243433 0
13243425 0
13243426 0
13243429 0
13243427 0
13243424 0
13243429 0
13243424 0
13243430 0
13243433 0
13243436 0
13243425 0
13243418 0
13243422 0
13243431 0
13243437 0
13243433 0
13243428 0
13243435 0
13243422 0
13243436 0
13243425 0
13243422 0
13243437 0
13243423 0
13243430 0
13243442 0
13243433 0
13243435 0
13243435 0
13243431 0
13243417 0
13243431 0
13243426 0
13243439 0
13243429 0
13243429 0
13243430 0
13243439 0
13243444 0
13243449 0
13243436 0
13243427 0
13243437 0
13243439 0
13243439 0
13243429 0
13243439 0
13243439 0
13243430 0
13243420 0
13243432 0
13243445 0
13243440 0
13243426 0
13243434 0
13243439 0
13243437 0
13243437 0
13243443 0
13243438 0
13243427 0
13243439 0
13243450 0
13243425 0
13243441 0
13243454 0
13243448 0
13243434 0
13243439 0
13243443 0
13243437 0
13243446 0
13243436 0
13243444 0
13243434 0
13243434 0
13243447 0
13243442 0
13243440 0
13243443 0
13243439 0
13243455 0
13243441 0
13243436 0
13243441 0
13243436 0
13243435 0
13243457 0
13243438 0
13243448 0
13243439 0
13243447 0
13243446 0
13243455 0
13243445 0
13243452 0
13243447 0
13243439 0
13243450 0
