61058589 10815638
61071478 10803083
60990072 10885018
61122020 10752424
61056175 10819049
61154993 10719931
61146920 10728540
60977678 10897243
61091676 10782013
60985140 10889545
61032217 10842940
61068093 10806722
60974175 10899723
61129809 10744992
61089349 10784499
61116377 10759261
61760966 10116233
62556607 9323594
63007283 8874475
63447597 8435224
64039835 7845890
64634609 7253050
65084258 6804785
65517247 6373646
66060681 5831154
66384077 5508649
66756843 5137403
67123825 4770616
67431242 4464310
67803805 4092494
68152663 3744808
68457068 3440811
68694289 3204661
68985709 2913945
69242796 2656937
69561223 2339387
69846192 2054946
70001039 1900186
70245046 1657195
70334899 1566556
70569676 1333127
70720396 1182685
70865117 1038263
71003240 900121
71194354 709597
71229627 673606
71366097 538128
71446795 457562
71559677 344319
71638319 266349
71680997 223723
71743109 161700
71783380 121525
71795427 109473
71847980 56983
71871300 33708
71890596 14451
71897328 7738
71903504 1556
71905064 0
71905069 0
71905081 0
71905096 0
71905089 0
71905082 0
71905076 0
71905077 0
71905081 0
71905079 0
71905104 0
71905108 0
71905091 0
71905099 0
71905070 0
71905100 0
71905113 0
71905104 0
71905104 0
71905112 0
71905107 0
71905106 0
71905101 0
71905111 0
71905107 0
71905117 0
71905096 0
71905120 0
71905115 0
71905101 0
71905117 0
71905104 0
71905126 0
71905127 0
71905135 0
71905119 0
71905118 0
71905124 0
71905118 0
71905129 0
71905113 0
71905133 0
71905124 0
71905152 0
71905149 0
71905118 0
71905137 0
71905133 0
71905141 0
71905132 0
71905136 0
71905140 0
71905154 0
71905135 0
71905159 0
71905151 0
71905161 0
71905158 0
71905134 0
71905146 0
71905156 0
