11432798 2021279
11449334 2004983
11448201 2006031
11422340 2031574
11442827 2011292
11433130 2021007
11433379 2020527
11435233 2018867
11429413 2024808
11449963 2004460
11428336 2025685
11426769 2027066
11431463 2022775
11431827 2022522
11444208 2010132
11458074 1996550
11571533 1885364
11713544 1746437
11797149 1664255
11903593 1559415
12005275 1459893
12106741 1360204
12211342 1257227
12292426 1177376
12382483 1088599
12430020 1041981
12524429 948865
12581017 892815
12649786 825242
12705827 769981
12772032 704576
12830733 646605
12886742 591303
12949465 529337
13000822 478358
13047932 431909
13088809 391208
13128197 352442
13163583 317486
13175764 305505
13218309 263343
13256713 225285
13298889 183454
13321892 160748
13344394 138481
13356519 126436
13385078 98108
13396829 86456
13428581 54949
13430504 53071
13442011 41664
13447798 35951
13465099 18748
13465943 17948
13472879 11031
13478638 5319
13480109 3860
13481667 2302
13483709 290
13484030 0
13484032 0
13484032 0
13484021 0
13484050 0
13484034 0
13484041 0
13484045 0
13484056 0
13484043 0
13484029 0
13484052 0
13484050 0
13484071 0
13484050 0
13484044 0
13484052 0
13484046 0
13484050 0
13484053 0
13484071 0
13484058 0
13484056 0
13484052 0
13484065 0
13484063 0
13484071 0
13484064 0
13484063 0
13484055 0
13484076 0
13484082 0
13484065 0
13484077 0
13484073 0
13484059 0
13484077 0
13484079 0
13484067 0
13484070 0
13484084 0
13484074 0
13484089 0
13484082 0
13484087 0
13484090 0
13484074 0
13484076 0
13484102 0
13484076 0
13484097 0
13484096 0
13484089 0
13484087 0
13484100 0
13484090 0
13484111 0
13484086 0
13484085 0
13484097 0
13484110 0
13484097 0
13484087 0
13484093 0
13484115 0
13484120 0
13484095 0
13484104 0
13484099 0
13484118 0
13484111 0
13484127 0
13484116 0
13484112 0
13484098 0
13484111 0
13484117 0
13484121 0
13484131 0
13484122 0
13484117 0
13484114 0
13484125 0
13484114 0
13484113 0
13484107 0
13484128 0
13484119 0
13484125 0
13484117 0
13484122 0
13484108 0
13484126 0
13484126 0
13484126 0
13484122 0
13484115 0
13484130 0
13484134 0
13484124 0
13484142 0
13484122 0
13484139 0
13484137 0
13484144 0
13484138 0
13484135 0
13484135 0
13484131 0
13484139 0
13484126 0
13484128 0
13484137 0
13484137 0
13484145 0
13484150 0
13484153 0
13484154 0
13484139 0
13484133 0
13484150 0
13484133 0
13484142 0
13484134 0
13484158 0
13484148 0
13484127 0
13484136 0
13484152 0
13484159 0
13484139 0
13484144 0
13484151 0
13484163 0
13484162 0
13484148 0
13484155 0
13484136 0
13484153 0
13484163 0
13484153 0
13484174 0
13484148 0
13484147 0
13484157 0
13484156 0
13484160 0
13484160 0
13484156 0
13484165 0
13484158 0
13484157 0
13484162 0
13484156 0
13484153 0
13484175 0
13484167 0
13484149 0
13484165 0
13484168 0
13484158 0
13484173 0
13484163 0
13484182 0
13484163 0
13484170 0
13484178 0
13484172 0
13484171 0
13484171 0
13484163 0
13484179 0
13484171 0
13484176 0
13484170 0
13484169 0
13484178 0
13484176 0
13484171 0
13484178 0
13484169 0
13484182 0
13484171 0
13484168 0
13484180 0
13484160 0
13484161 0
13484176 0
13484180 0
13484171 0
13484175 0
13484176 0
13484184 0
13484165 0
13484177 0
13484170 0
13484179 0
13484175 0
13484190 0
13484188 0
13484180 0
13484182 0
13484179 0
13484187 0
13484187 0
13484175 0
13484177 0
13484185 0
13484185 0
13484181 0
13484200 0
13484199 0
13484198 0
13484182 0
13484185 0
13484186 0
13484187 0
13484180 0
13484181 0
13484182 0
13484192 0
13484189 0
13484184 0
13484193 0
13484184 0
13484180 0
13484193 0
13484185 0
13484191 0
13484202 0
13484195 0
13484193 0
13484197 0
13484193 0
13484181 0
13484201 0
13484201 0
13484194 0
13484190 0
13484196 0
13484203 0
13484204 0
13484189 0
13484192 0
13484203 0
13484194 0
13484195 0
13484203 0
13484196 0
13484198 0
13484207 0
13484205 0
13484203 0
13484199 0
13484207 0
13484191 0
13484197 0
13484199 0
13484202 0
13484205 0
13484203 0
13484201 0
13484210 0
13484206 0
13484195 0
13484217 0
13484208 0
13484206 0
13484208 0
13484209 0
13484213 0
13484196 0
13484215 0
13484197 0
13484212 0
13484207 0
13484195 0
13484203 0
13484202 0
13484210 0
13484204 0
13484209 0
13484210 0
13484198 0
13484209 0
13484196 0
13484209 0
13484196 0
13484217 0
13484218 0
13484213 0
13484216 0
13484218 0
13484210 0
13484208 0
13484203 0
13484215 0
13484210 0
13484211 0
13484218 0
13484215 0
13484218 0
13484220 0
13484217 0
13484213 0
13484213 0
13484213 0
13484198 0
13484212 0
13484216 0
13484211 0
13484210 0
13484208 0
13484218 0
13484223 0
13484210 0
13484220 0
13484218 0
13484217 0
13484217 0
13484223 0
13484228 0
13484232 0
13484231 0
13484224 0
13484238 0
13484212 0
13484219 0
13484215 0
13484217 0
13484224 0
13484220 0
13484219 0
13484217 0
13484226 0
13484224 0
13484220 0
13484230 0
13484221 0
13484233 0
13484228 0
13484226 0
13484224 0
13484230 0
13484220 0
13484217 0
13484227 0
13484223 0
13484236 0
13484235 0
13484213 0
13484225 0
13484225 0
13484227 0
13484224 0
13484225 0
13484216 0
13484240 0
13484237 0
13484212 0
13484222 0
13484222 0
13484230 0
13484217 0
13484220 0
13484232 0
13484232 0
13484233 0
13484225 0
13484239 0
13484233 0
13484236 0
13484220 0
13484230 0
13484229 0
13484241 0
13484234 0
13484225 0
13484225 0
13484232 0
13484227 0
13484226 0
13484227 0
13484240 0
13484225 0
13484228 0
13484223 0
13484237 0
13484237 0
13484235 0
13484227 0
13484237 0
13484235 0
13484243 0
13484239 0
13484234 0
13484240 0
13484230 0
13484238 0
13484228 0
13484235 0
13484230 0
13484229 0
13484232 0
13484236 0
13484234 0
13484242 0
13484234 0
13484240 0
13484242 0
13484237 0
