54996386 7897968
55030612 7863025
54898364 7995883
54965972 7927790
54921964 7971766
54968648 7925346
54896618 7997173
54984607 7909683
54958308 7934686
54965270 7928856
55013005 7880930
54957354 7936236
54819540 8073779
54924700 7969099
55005564 7888152
55019681 7874826
55523994 7372208
56200015 6698909
56554276 6345968
56974485 5926972
57429779 5472584
57951278 4953430
58307146 4598333
58649052 4257749
59069630 3838174
59296928 3611457
59633143 3276241
59861850 3048365
60230331 2680835
60429707 2481526
60737217 2175205
60992547 1920419
61151004 1762407
61349417 1564434
61591072 1323245
61706794 1207811
61865055 1049368
62053812 861466
62213193 702183
62306395 608845
62426032 489955
62507584 408332
62597590 318738
62669895 245922
62735730 180837
62763249 153367
62813112 103589
62848163 68593
62885327 31489
62891577 25262
62906740 10112
62912116 4759
62916897 0
62916895 0
62916935 0
62916890 0
62916877 0
62916886 0
62916911 0
62916903 0
62916913 0
62916931 0
62916917 0
62916933 0
62916910 0
62916922 0
62916923 0
62916938 0
62916914 0
62916941 0
62916917 0
62916913 0
62916921 0
62916930 0
62916936 0
62916935 0
62916948 0
62916937 0
62916940 0
62916951 0
62916926 0
62916934 0
62916934 0
62916950 0
62916940 0
62916939 0
62916940 0
62916957 0
62916947 0
62916947 0
62916954 0
62916936 0
62916963 0
62916952 0
62916968 0
62916966 0
62916956 0
62916980 0
62916952 0
62916976 0
62916964 0
62916966 0
62916972 0
62916960 0
62916974 0
62916976 0
62916958 0
62916982 0
62916993 0
62916976 0
62916965 0
62916971 0
62916980 0
62916985 0
62916978 0
62916973 0
62916982 0
62916991 0
62916978 0
62916976 0
