10304098 1471939
10310444 1465417
10285605 1490154
10298237 1477490
10290054 1485673
10298822 1476957
10285292 1490360
10301837 1474030
10296884 1478758
10298149 1477663
10307129 1468724
10296709 1478999
10270738 1504768
10290531 1485117
10305861 1470023
10308469 1467738
10403928 1374194
10531618 1248965
10598615 1183227
10677990 1105246
10763979 1020707
10862466 923948
10929586 857866
10994075 794385
11073414 716204
11116328 673988
11179709 611440
11222883 568957
11292319 500427
11329966 463274
11387902 406114
11436053 358545
11465931 329116
11503291 292139
11548786 247157
11570594 225570
11600391 196017
11635970 160921
11665983 131174
11683507 113737
11706056 91546
11721395 76290
11738364 59550
11751946 45952
11764357 33796
11769520 28666
11778918 19364
11785491 12815
11792526 5882
11793704 4720
11796543 1890
11797578 890
11798472 0
11798476 0
11798498 0
11798484 0
11798473 0
11798485 0
11798493 0
11798483 0
11798504 0
11798493 0
11798501 0
11798507 0
11798498 0
11798498 0
11798510 0
11798500 0
11798501 0
11798521 0
11798515 0
11798493 0
11798519 0
11798516 0
11798512 0
11798503 0
11798528 0
11798508 0
11798510 0
11798522 0
11798517 0
11798528 0
11798505 0
11798549 0
11798536 0
11798539 0
11798522 0
11798550 0
11798537 0
11798529 0
11798539 0
11798525 0
11798523 0
11798517 0
11798536 0
11798537 0
11798542 0
11798548 0
11798555 0
11798552 0
11798537 0
11798543 0
11798555 0
11798562 0
11798542 0
11798559 0
11798552 0
11798573 0
11798568 0
11798563 0
11798562 0
11798549 0
11798556 0
11798560 0
11798575 0
11798555 0
11798566 0
11798544 0
11798557 0
11798568 0
11798564 0
11798583 0
11798556 0
11798574 0
11798575 0
11798575 0
11798572 0
11798578 0
11798567 0
11798570 0
11798574 0
11798575 0
11798589 0
11798567 0
11798582 0
11798583 0
11798571 0
11798579 0
11798581 0
11798571 0
11798567 0
11798586 0
11798597 0
11798579 0
11798591 0
11798586 0
11798598 0
11798594 0
11798578 0
11798588 0
11798580 0
11798594 0
11798584 0
11798589 0
11798584 0
11798589 0
11798580 0
11798595 0
11798578 0
11798589 0
11798609 0
11798602 0
11798600 0
11798599 0
11798592 0
11798616 0
11798597 0
11798590 0
11798598 0
11798599 0
11798595 0
11798616 0
11798601 0
11798613 0
11798605 0
11798594 0
11798611 0
11798614 0
11798615 0
11798618 0
11798615 0
11798616 0
11798596 0
11798612 0
11798601 0
11798614 0
11798607 0
11798628 0
11798606 0
11798597 0
11798615 0
11798609 0
11798617 0
11798616 0
11798612 0
11798613 0
11798614 0
11798623 0
11798614 0
11798597 0
11798616 0
11798618 0
11798617 0
11798632 0
11798617 0
11798624 0
11798639 0
11798619 0
11798627 0
11798621 0
11798625 0
11798634 0
11798633 0
11798630 0
11798621 0
11798629 0
11798605 0
11798619 0
11798628 0
11798622 0
11798637 0
11798619 0
11798627 0
11798627 0
11798621 0
11798627 0
11798651 0
11798629 0
11798635 0
11798634 0
11798629 0
11798648 0
11798632 0
11798638 0
11798634 0
11798635 0
11798636 0
11798635 0
11798629 0
11798637 0
11798636 0
11798625 0
11798642 0
11798628 0
11798649 0
11798643 0
11798641 0
11798640 0
11798633 0
11798634 0
11798644 0
11798636 0
11798639 0
11798636 0
11798626 0
11798641 0
11798644 0
11798634 0
11798643 0
11798638 0
11798645 0
11798644 0
11798649 0
11798651 0
11798642 0
11798636 0
11798643 0
11798649 0
11798647 0
11798657 0
11798649 0
11798649 0
11798648 0
11798647 0
11798654 0
11798651 0
11798645 0
11798639 0
11798650 0
11798658 0
11798664 0
11798646 0
11798652 0
11798649 0
11798645 0
11798647 0
11798656 0
11798649 0
11798667 0
11798649 0
11798653 0
11798659 0
11798657 0
11798655 0
11798660 0
11798652 0
11798664 0
11798643 0
11798660 0
11798657 0
11798661 0
11798658 0
11798656 0
11798667 0
11798658 0
11798660 0
11798659 0
11798655 0
11798660 0
11798665 0
11798669 0
11798670 0
11798665 0
11798682 0
11798669 0
11798666 0
11798664 0
11798667 0
11798652 0
11798653 0
11798665 0
11798659 0
11798670 0
11798669 0
11798669 0
11798671 0
11798663 0
11798672 0
11798670 0
11798671 0
11798669 0
11798674 0
11798662 0
11798665 0
11798658 0
11798667 0
11798663 0
11798680 0
11798674 0
11798678 0
11798663 0
11798666 0
11798671 0
11798667 0
11798673 0
11798680 0
11798668 0
11798672 0
11798677 0
11798666 0
11798665 0
11798672 0
11798670 0
11798667 0
11798661 0
11798679 0
11798674 0
11798675 0
11798683 0
11798678 0
11798671 0
11798670 0
11798673 0
11798684 0
11798677 0
11798677 0
11798678 0
11798674 0
11798673 0
11798673 0
11798671 0
11798682 0
11798675 0
11798692 0
11798690 0
11798673 0
11798679 0
11798677 0
11798680 0
11798682 0
11798677 0
11798692 0
11798673 0
11798672 0
11798678 0
11798672 0
11798670 0
11798685 0
11798680 0
11798675 0
11798689 0
11798688 0
11798689 0
11798677 0
11798683 0
11798678 0
11798688 0
11798689 0
11798678 0
11798691 0
11798690 0
11798686 0
11798689 0
11798680 0
11798682 0
11798691 0
11798680 0
11798692 0
11798676 0
11798698 0
11798688 0
11798689 0
11798683 0
11798684 0
11798684 0
11798697 0
11798693 0
11798689 0
11798678 0
11798693 0
11798688 0
11798696 0
11798696 0
11798691 0
11798693 0
11798692 0
11798682 0
11798699 0
11798703 0
11798697 0
11798692 0
11798690 0
11798680 0
11798689 0
11798693 0
11798688 0
11798706 0
11798692 0
11798696 0
11798695 0
11798705 0
11798693 0
11798702 0
11798693 0
11798691 0
11798696 0
11798696 0
11798697 0
11798692 0
11798702 0
11798694 0
11798693 0
11798703 0
11798697 0
11798694 0
11798696 0
11798699 0
11798699 0
11798691 0
11798696 0
11798688 0
11798702 0
11798694 0
11798686 0
11798689 0
11798696 0
11798695 0
11798701 0
11798696 0
11798702 0
