18.186082705608968
17.898464664768493
17.599959291728474
17.513917027662934
17.14952287063219
16.76783473470892
16.562536023500115
16.387315785534234
16.01983587475293
15.850191765018057
15.557999963598668
15.400110356108243
15.065192813495278
14.981027450744
14.703049214745839
14.582510017878485
14.40969282360018
14.203697640804968
14.069602372235092
13.830600138819493
13.71367799330792
13.51421545200851
13.30613089256067
13.13410537250887
12.919306464740089
12.847511223105755
12.660084110496209
12.49182961979599
12.383526994713964
12.20992957411412
12.072907581811481
11.957493535921431
11.752506620371616
11.667391194512867
11.57583318507743
11.520560203981658
11.326774180049396
11.22366139721582
11.150291048612553
11.054028276718237
10.897739269004866
10.793827666882986
10.735220389330816
10.550871673601206
10.44396683466707
10.319940208190923
10.318418057108211
10.239064544413191
10.09905545681072
10.025853753402552
9.887465108907008
9.861767397127332
9.713780159083612
9.658018305566271
9.610333819420157
9.490416193138342
9.36328561138358
9.358621936007179
9.196434888821354
9.126530460258522
9.038820965055223
9.063222245066745
8.971575212658735
8.85045401022527
8.796402158375766
8.801801163773257
8.660437446466176
8.578698794032888
8.56013664366631
8.426567458045074
8.393961822015935
8.291895822034226
8.221120712459332
8.129013564592682
8.14541303489193
8.045254924458963
7.9869592533968845
8.001485097611408
7.885092230335963
7.835401428785708
7.766409973851546
7.741488578235151
7.699423510883373
7.650484775264922
7.604011617457556
7.537302895121229
7.438709961045381
7.406688747052728
7.410447709713017
7.305927711636332
7.270950275856194
7.252304875627965
7.218031845644305
7.163149999242512
7.097283034663883
7.016944647302137
6.957839246726207
6.944067934522836
6.9220345025057215
6.914771422302647
6.820478252837538
6.77075094608951
6.755681717297412
6.682713496072006
6.665409605274988
6.645930891653454
6.541588296598934
6.535722353397859
6.46837990454706
6.47041871733642
6.437297837669296
6.3885424470079855
6.365745773786952
6.262986242562704
6.272507260255484
6.268516995582997
6.2399583730651464
6.165654210340308
6.117134692450436
6.124740629388107
6.062545267799747
6.024096867337812
5.943907362084665
6.008453116597239
5.922393827830337
5.898697248653287
5.874824696199853
5.8077855958635975
5.804610179466827
5.767960389817176
5.7256022897386725
5.738326578901483
5.686573136404859
5.676223703713469
5.612599319601973
5.609899439925732
5.610827949577149
5.545404199866038
5.509651819126377
5.480066727056979
5.476382198555969
5.445401673000297
5.427212972963498
5.40740638604807
5.337203894047571
5.334014957276793
5.2889121685790315
5.2638827214042525
5.239280647550823
5.184508897721589
5.200723135389942
5.185385541852631
5.160570685109699
5.151658098685653
5.087579273410459
5.090421737300012
5.031003416042923
5.055469853884087
5.0033150883443565
4.982891869505875
4.937288390086962
4.959975848728484
4.910130834577164
4.915752636004509
4.865742536764424
4.847394667801873
4.853399472672548
4.820982491991892
4.810843339368885
4.772594154199259
4.754415478762403
4.734895268261289
4.722291091123381
4.701958834512702
4.657762696612472
4.628822001179879
4.621983871909651
4.60413593352223
4.610791047796795
4.594295611246762
4.539216252292743
4.5168462235169
4.524757256332168
4.489596508794875
4.48205114934342
4.483413507658634
4.420091683884193
4.426098308804448
4.394353074038081
4.376707110502888
4.3444014950298335
4.342910466050739
4.306755275505454
4.333026954990489
4.304802860881455
4.303400908974881
4.256481959686307
4.248114882110382
4.258107274421127
4.208522402896063
4.224854460891452
4.202612123516838
4.184621723741557
4.161205218072364
4.168757074364535
4.148422854851572
4.113160932736703
4.068161153598975
4.0949182240080635
4.039993393890445
4.043604360663821
4.010379401143391
4.0134320347222685
3.990937395562378
3.9659507473360374
3.9837860151967335
3.9577816148731406
3.916525605753327
3.9432693063416013
3.878449829035708
3.8930007074502395
3.8996282302098075
3.870012835826633
3.850223004323907
3.8404960587744883
3.8307150865563315
3.828470608179657
3.7883138416197655
3.812285089445447
3.763649944732474
3.7594196519033902
3.747464641201373
3.711489163361218
3.7482293045448207
3.728110073395028
3.6937304332358147
3.67513464112659
3.6805362930613
3.6557194322282727
3.640247410704881
3.660141735153593
3.6185742073106715
3.6405873233929222
3.6031465386395167
3.6087765093900135
3.575800599055817
3.575868199111801
3.5718304721177585
3.546460059750393
3.5376840343908635
3.5242711230001986
3.543944863258125
3.524385644331339
3.51653362677476
3.4871194857400134
3.4479638156370584
3.4562068018187846
3.4636179047629048
3.468498301962345
3.4298086688246485
3.4123579408018485
3.4177914584387397
3.4186387363272024
3.367935003244911
3.3365377876943603
3.372689750227273
3.362861845342327
3.3499351404730215
3.3463491846877105
3.3043096900862565
3.310253320066954
3.2910361669956933
3.3068637903597344
3.2830303056585306
3.260518459509685
3.2601615451383053
3.2292038297074668
3.2513665828999727
3.2455363951670098
3.2279036080409877
3.1985523278396384
3.2084544890922873
3.1764288169194606
3.2049254059798113
3.182573042334068
3.18050444789701
3.167038471624883
3.1629936052335097
3.1294787880050015
3.13443570203809
3.118754573065773
3.097166014037043
3.098224684912557
3.0769226775751077
3.071816162173336
3.076611896040176
3.053310240793121
3.0375924008131276
3.031520449098168
3.0530697525856
3.023381226335912
3.0328670656205734
3.0049548735549525
3.0201372997305223
2.974745064158724
2.981381014098365
2.9699886421820794
2.957982729382084
2.9696840944274756
2.961031143954833
2.9534947968259893
2.9487183806550004
2.9348769634887546
2.9257724618824885
2.9124708024405574
2.9260110231843894
2.9062543606472264
2.884576153979235
2.8949728073567575
2.8971272225796723
2.8804494059367105
2.870852594020903
2.8645328217909536
2.849313574476801
2.868931087581275
2.847505030948996
2.8243914598201605
2.8350011051287787
2.8195002110189264
2.81652276750405
2.816012905904695
2.7968906570300396
2.788555490079714
2.79708447065944
2.781617281976714
2.7639498013673345
2.735353411463984
2.7645793670694094
2.7456956648614916
2.744022706977944
2.7262730648106483
2.7384357940196926
2.7326758857892037
2.7343035017728994
2.7020297063425165
2.6984722333163065
2.707128901873759
2.6927063991338853
2.6763057316492223
2.678171989318016
2.686783956399804
2.6763161245313314
2.6307506921777986
2.63940732987194
2.626714564515735
2.640220392010283
2.62214725867982
2.6130378231894156
2.6246518211676904
2.608468043999553
2.5881180595444766
2.613580661880378
2.595795848584669
2.5702907253746616
2.5866523856765844
2.5952778705759467
2.576488076334263
2.5642977912570633
2.557840096644413
2.5705706573650966
2.53107229319975
2.539360549895737
2.540075169935999
2.532187755481868
2.533906284266459
2.5186100587834335
2.516230704821228
2.517990832752141
2.497773049018406
2.500592330012112
2.5041441541372658
2.4949811018358465
2.4696291568279776
2.469419220697755
2.455039435591034
2.4390211828908743
2.4298210726968272
2.46829013563309
2.426896267147124
2.4368835167106093
2.4315604538631215
2.4036150243442895
2.4097824253835327
2.4121189394076876
2.415758072871813
2.3948708487223302
2.3927188215347632
2.3785871590866736
2.377820653039978
2.378686014320963
2.3700038602003657
2.3512668113739936
2.3367073607352222
2.345850377467914
2.347606996617487
2.3441064303810393
2.351368974570164
2.325849190144004
2.319207436066313
2.3286436399241097
2.318855898795864
2.33354160878564
2.306589542180077
2.3166356571944653
2.296615402701141
2.2874384914135564
2.309643201401668
2.288149950346433
2.282836884255539
2.2797409037588974
2.287200633096748
2.260693937162923
2.2731146613982673
2.259007474096302
2.2589844498999536
2.2581779560702833
2.252172495645702
2.2359201710255823
2.258125113608794
2.237257311578503
2.2171421220566137
2.2114928319335285
2.2089647909376167
2.2135021938610318
2.200513436691963
2.2119307009497016
2.1979552312032045
2.206391456419997
2.191579792798154
2.1794445356870575
