26172 24759
26114 24525
26168 24752
26392 24944
26123 24716
26204 24781
26002 24666
26111 24707
26099 24747
26003 24645
25889 24542
26388 25015
26035 24727
25971 24594
26000 24638
25277 24028
23459 22305
21115 20013
19493 18434
17574 16560
16194 15173
14449 13488
13239 12341
12044 11140
10839 9946
10001 9101
9151 8209
8365 7452
7607 6677
6716 5770
6249 5334
5532 4585
5075 4153
4600 3669
3992 3073
3698 2782
3281 2368
2932 2042
2536 1636
2416 1522
2090 1158
1951 1024
1696 782
1554 615
1358 436
1312 420
1169 279
1129 210
1005 132
966 90
928 57
935 31
886 9
871 3
829 0
827 0
825 0
812 0
814 0
804 0
792 0
807 0
798 0
811 0
791 0
784 0
797 0
782 0
788 0
766 0
773 0
772 0
748 0
759 0
766 0
755 0
749 0
761 0
749 0
742 0
751 0
741 0
745 0
720 0
724 0
720 0
731 0
716 0
714 0
725 0
717 0
718 0
711 0
712 0
713 0
708 0
712 0
705 0
698 0
703 0
704 0
692 0
697 0
688 0
695 0
677 0
672 0
684 0
686 0
686 0
674 0
683 0
677 0
672 0
670 0
650 0
665 0
661 0
657 0
662 0
653 0
652 0
661 0
652 0
660 0
652 0
645 0
647 0
641 0
642 0
631 0
630 0
643 0
642 0
632 0
635 0
630 0
624 0
631 0
620 0
621 0
635 0
630 0
628 0
622 0
619 0
614 0
609 0
621 0
615 0
606 0
608 0
603 0
608 0
610 0
587 0
605 0
603 0
606 0
601 0
590 0
591 0
591 0
598 0
599 0
597 0
584 0
592 0
586 0
589 0
576 0
585 0
589 0
587 0
578 0
579 0
590 0
584 0
579 0
579 0
575 0
592 0
568 0
578 0
568 0
567 0
570 0
567 0
566 0
569 0
564 0
563 0
560 0
556 0
554 0
559 0
549 0
554 0
556 0
547 0
553 0
545 0
549 0
545 0
541 0
540 0
545 0
545 0
546 0
538 0
539 0
544 0
532 0
538 0
548 0
535 0
541 0
536 0
529 0
538 0
525 0
529 0
532 0
532 0
541 0
538 0
524 0
527 0
530 0
528 0
529 0
522 0
525 0
515 0
524 0
518 0
527 0
519 0
521 0
515 0
519 0
512 0
511 0
519 0
511 0
507 0
507 0
515 0
517 0
511 0
511 0
504 0
505 0
508 0
504 0
500 0
504 0
503 0
506 0
507 0
493 0
495 0
497 0
490 0
490 0
495 0
495 0
494 0
492 0
489 0
490 0
494 0
490 0
493 0
489 0
488 0
490 0
484 0
486 0
487 0
486 0
486 0
478 0
480 0
481 0
484 0
485 0
486 0
488 0
482 0
483 0
481 0
476 0
480 0
477 0
484 0
474 0
482 0
475 0
475 0
476 0
474 0
480 0
476 0
473 0
474 0
476 0
474 0
472 0
469 0
477 0
470 0
476 0
461 0
463 0
460 0
466 0
465 0
458 0
457 0
465 0
458 0
459 0
452 0
455 0
452 0
460 0
458 0
458 0
455 0
449 0
454 0
446 0
449 0
450 0
449 0
444 0
446 0
449 0
442 0
450 0
448 0
452 0
443 0
443 0
443 0
445 0
446 0
437 0
441 0
441 0
446 0
442 0
442 0
439 0
444 0
432 0
437 0
443 0
439 0
444 0
440 0
444 0
436 0
434 0
434 0
436 0
433 0
442 0
435 0
427 0
435 0
436 0
437 0
437 0
434 0
433 0
436 0
435 0
428 0
426 0
424 0
429 0
432 0
424 0
421 0
434 0
429 0
431 0
425 0
429 0
424 0
424 0
422 0
425 0
426 0
420 0
424 0
421 0
427 0
419 0
413 0
416 0
423 0
414 0
422 0
417 0
420 0
420 0
412 0
418 0
416 0
410 0
409 0
415 0
409 0
411 0
410 0
412 0
405 0
408 0
407 0
403 0
402 0
411 0
404 0
404 0
404 0
404 0
405 0
410 0
402 0
407 0
401 0
399 0
404 0
397 0
396 0
400 0
406 0
399 0
402 0
403 0
396 0
400 0
398 0
403 0
395 0
396 0
395 0
399 0
397 0
400 0
393 0
398 0
392 0
399 0
397 0
396 0
394 0
388 0
398 0
384 0
394 0
395 0
392 0
395 0
389 0
393 0
389 0
