19.31690074900655
18.956072974319774
18.733501891949096
18.441944448076026
18.151517697774707
17.729545530618864
17.53867829696694
17.23006992905897
17.09265310577357
16.729003605561417
16.409733835264475
16.313134637637706
15.989514678745229
15.686894274977698
15.571430327688313
15.460529722731462
15.116999017808485
14.97621135038024
14.774726861175589
14.628882872083723
14.512169932062658
14.318422583925138
14.097122533210847
14.007713401979025
13.714828717455966
13.537571470963622
13.493794471333747
13.291557356954208
13.159220909933639
12.935592879691685
12.75983222548873
12.664099332168416
12.55053360194469
12.368317218013068
12.273458354919471
12.149344230099254
12.034389653400357
11.936638257182185
11.770101451401606
11.64813085085093
11.565646570368175
11.434385321446024
11.279328697726703
11.12263933937099
11.058911937905117
11.033769831864433
10.904215024701557
10.79636286255699
10.61243618704364
10.614503507141512
10.488104498992234
10.421337701979658
10.312927806870421
10.152106764024278
10.05635721427833
10.077701459278282
9.981121911657137
9.863078393794494
9.70762043847435
9.723928961488088
9.573717609668382
9.490884469174443
9.496954165644548
9.416185926118573
9.286255288673788
9.22205245546461
9.197856565741677
9.068345931025329
9.035107315127535
8.972874617636007
8.915531662648936
8.773566558161907
8.732031977287779
8.661168708177366
8.626110037883711
8.472129161935928
8.546602783410153
8.406219016401401
8.370921908200808
8.277143628538347
8.271585968069406
8.2137739255047
8.175900910906853
8.047906476408162
8.003406796214122
7.898504200585037
7.887057371708938
7.829420459941202
7.794203402462169
7.753825454342514
7.684883076672364
7.63200258539476
7.544445552065383
7.578225933047042
7.475358400199896
7.500248087936598
7.407625012806143
7.318329143682647
7.338837045013959
7.302842075059109
7.193730945476346
7.166766689666774
7.169179069134195
7.087411656074339
7.072024900789293
7.002287680675187
6.937094370962982
6.923988130946941
6.911225674164587
6.824011945466552
6.762006706732705
6.7346371039759445
6.726329419208919
6.68311050215844
6.6475859798393415
6.606909962714763
6.53611794100017
6.542340403090893
6.50500284471377
6.480562456797952
6.442484246830954
6.350174068528533
6.308592549308599
6.345085720403399
6.248475549118902
6.254786891725673
6.194597742079377
6.1699250283790725
6.142417289886637
6.124345734380022
6.077281495274033
6.053014682014608
6.04564471104477
5.978045188102624
5.948032350520116
5.9024363873279295
5.8713317161312055
5.886193688662024
5.8170599335315725
5.82489263319783
5.74867605110202
5.71102103878545
5.677957712445827
5.672490944556871
5.652219912345808
5.621806128424198
5.614292523271883
5.630200060309926
5.592659274509515
5.51245445666259
5.508736518939406
5.466209364189926
5.468941307593659
5.4194645774417225
5.4472618740135115
5.364910664395734
5.332183133346343
5.322872763943474
5.310127798053473
5.329740187762002
5.264520309250747
5.220977498308603
5.243217855521893
5.185172437680478
5.163959768068444
5.136965371068074
5.123528492809953
5.093330577093953
5.06119735982192
5.035341514979559
4.9696841894476345
5.015971867715036
4.985339634205284
4.9859269461864
4.949669157412723
4.929253127433094
4.886751506955693
4.872815044471326
4.865585896292851
4.839633960845913
4.7967914075701765
4.775068473533922
4.741731607768916
4.765887504032439
4.7436035898271705
4.703796522808789
4.683239859175944
4.671220677681561
4.680824190101395
4.669203955456714
4.589217623002342
4.588585050985139
4.5775217599009235
4.573229616915542
4.562787756671469
4.508408965722156
4.527880257933662
4.5127798729715956
4.452119554118014
4.4683791702986575
4.450749683515346
4.4332640834996955
4.442693306999544
4.398885332725667
4.381420269018145
4.358270350209641
4.343620293473895
4.335465121115613
4.335825015096207
4.291982685845746
4.275870643825806
4.2712852273186215
4.245556897985027
4.202285350085594
4.203960517211885
4.179194574144856
4.201657296936469
4.162802506928029
4.156329499485451
4.121162212234385
4.124964861468989
4.108840712453275
4.076395212413923
4.07415400999871
4.064643484444423
4.0528415330963865
4.035221505709228
4.027968996131324
4.008055643167142
3.9608887405974587
3.96974712302228
3.943354717302857
3.9409173236624495
3.931014011597065
3.9485748099605873
3.900734328076833
3.9007099077251066
3.872410646434128
3.8470501329100895
3.8419725358705317
3.8740408541563056
3.8513021402692016
3.830044734064022
3.818894802128416
3.789815960504752
3.7819959241663534
3.786478535055362
3.742717942835916
3.726949407560908
3.7288566954241538
3.729117880653487
3.694398222122136
3.689898794772978
3.691497776634997
3.6698361239140014
3.6886047447550028
3.6780919080449124
3.617840044249647
3.6142572420114814
3.6412564848174953
3.614862842454195
3.6023678973127375
3.5904131445040637
3.5854426390122445
3.562632459059796
3.5585009711940527
3.560527755732937
3.511749039997112
3.498509771139088
3.4893787248658077
3.5137542095400702
3.4990237766281007
3.5011707753369663
3.4984252139061436
3.451861665936983
3.436345071871817
3.440255398491238
3.417395095588017
3.41490684926046
3.4033392374660796
3.411126492503845
3.396387508259386
3.365649651502679
3.380077111407929
3.3601015479461647
3.375427309503475
3.3274091976555975
3.330964324811639
3.3391938721874292
3.3195282220075475
3.305371533838211
3.300647332076444
3.2937963226823284
3.287904460878799
3.266285601287877
3.237148948725669
3.238537148554244
3.245447373508939
3.2213425565225817
3.2197890254117576
3.2318838207549563
3.1721904680748683
3.176755641526415
3.193047732828268
3.166578058230698
3.172191441635141
3.16898228488089
3.1380544855284667
3.1271431913786727
3.1301293532836576
3.110513190586953
3.1032559423043997
3.09326298237982
3.0768858073443974
3.0776609208861827
3.0738265020357973
3.063334515040026
3.0540762447690897
3.0474889936013803
3.059926234318741
3.0333082171124714
3.0051232859268793
3.03550241406065
2.9961854590821715
3.0086193874916534
3.01559968201751
2.981344135189306
2.991838895914343
2.9896657260063875
2.9772053616095535
2.964434073082259
2.9509540259639606
2.9424674513827993
2.925145256996584
2.9127867139883734
2.9297911504291507
2.900033059370344
2.9179834364817996
2.9220749522768075
2.8993094679411113
2.884194742275008
2.8947001438855477
2.8585916232243287
2.8787666131357925
2.845219376196537
2.8609785877125384
2.85603718280694
2.833903386252473
2.828950497211258
2.8215483960053005
2.8157113743286573
2.8109913476237987
2.798301976970988
2.7950269780815757
2.782998242762892
2.7804037628626292
2.7907542599378985
2.760885229332132
2.771335935322918
2.7561092131231586
2.7590950093964284
2.7610213062817595
2.745768350500298
2.7404861782071066
2.7218834558746425
2.7375808119940164
2.7036023742941415
2.7005892329191465
2.7024175335267273
2.685588492277302
2.7041717645797325
2.6870523424778137
2.674306236683078
2.6854884950076485
2.66986377750045
2.6498376399209427
2.661312092682649
2.625428342363275
2.661999625434846
2.644369470744148
2.625125709060085
2.6363427462117945
2.618440421761852
2.6313723302623657
2.604472797045237
2.60265769703517
2.586389774704969
2.572463947190008
2.5848729853709145
2.564645217273255
2.5856152274004103
2.559273365050192
2.5541160772496094
2.5632483816131684
2.549807388894348
2.5391541649775946
2.5226939319156645
2.5500468452483345
2.539862436049152
2.5268049606071714
2.518906078611067
2.521136609557227
2.491491651915976
2.518838766849508
2.4857030055590417
2.491113754690705
2.5057603504597683
2.4608699413342583
2.4777987029883572
2.4554384327819045
2.4479755566573616
2.4531071194913783
2.4336783235408577
2.433664820856757
2.44001797695646
2.4243080865203366
2.426374885161654
2.42201406715777
2.399401227804378
2.4068512632228503
2.3964530452883626
2.3895966986114945
2.395454520622577
2.382474250992118
2.382694333740699
2.367156270358373
2.376953702603432
2.354112097392126
2.33468247992588
2.346737650831792
2.353879941382556
2.3284623648701177
2.3248086697802774
2.345357283710282
2.3243218879511414
2.3157696028152257
2.327922055271588
2.3148477923365793
2.315614131441987
2.2986386476719987
