30920 29052
30409 28632
30739 29055
30437 28737
30512 28766
30560 28839
30594 28880
30431 28740
30659 28974
30282 28572
30337 28738
30284 28676
30406 28871
30164 28598
30469 28860
29697 28137
27352 25909
24614 23361
23012 21863
20908 19837
18931 17928
17312 16355
16041 15083
14575 13684
13225 12295
12356 11401
11237 10289
10394 9463
9309 8385
8416 7509
7887 6992
7018 6074
6389 5471
5915 4973
5183 4222
4884 3935
4358 3418
3951 3041
3464 2524
3350 2428
3005 2072
2619 1694
2416 1478
2128 1181
1926 1010
1770 860
1599 670
1472 580
1356 441
1190 300
1147 213
1089 162
1004 107
1001 92
956 63
894 25
903 13
874 3
859 0
823 0
842 0
813 0
811 0
840 0
824 0
823 0
830 0
818 0
786 0
799 0
793 0
788 0
782 0
791 0
786 0
777 0
782 0
768 0
770 0
773 0
767 0
769 0
760 0
773 0
759 0
749 0
748 0
760 0
753 0
745 0
758 0
755 0
729 0
725 0
734 0
717 0
741 0
722 0
717 0
725 0
727 0
725 0
710 0
717 0
707 0
712 0
702 0
716 0
712 0
713 0
703 0
697 0
692 0
693 0
701 0
691 0
691 0
694 0
686 0
674 0
682 0
677 0
671 0
689 0
671 0
680 0
670 0
662 0
656 0
659 0
675 0
661 0
655 0
663 0
667 0
653 0
661 0
656 0
658 0
645 0
647 0
644 0
649 0
637 0
638 0
627 0
639 0
636 0
636 0
636 0
634 0
637 0
640 0
635 0
627 0
619 0
626 0
632 0
625 0
618 0
614 0
627 0
619 0
610 0
612 0
614 0
607 0
614 0
606 0
602 0
606 0
603 0
601 0
599 0
605 0
598 0
595 0
605 0
598 0
604 0
608 0
597 0
594 0
591 0
600 0
588 0
592 0
589 0
584 0
584 0
590 0
580 0
584 0
581 0
581 0
586 0
578 0
585 0
569 0
575 0
582 0
569 0
574 0
571 0
572 0
569 0
568 0
568 0
566 0
567 0
566 0
566 0
560 0
562 0
554 0
568 0
556 0
557 0
550 0
553 0
552 0
550 0
545 0
552 0
547 0
550 0
550 0
549 0
548 0
551 0
546 0
547 0
554 0
544 0
544 0
539 0
548 0
530 0
542 0
539 0
539 0
543 0
542 0
539 0
535 0
532 0
533 0
535 0
537 0
523 0
523 0
532 0
533 0
534 0
526 0
526 0
526 0
528 0
526 0
525 0
525 0
517 0
526 0
516 0
518 0
522 0
513 0
513 0
515 0
510 0
514 0
516 0
517 0
514 0
507 0
511 0
515 0
507 0
505 0
509 0
503 0
512 0
500 0
507 0
494 0
501 0
499 0
506 0
504 0
502 0
502 0
495 0
497 0
502 0
489 0
491 0
497 0
501 0
490 0
490 0
497 0
489 0
492 0
491 0
489 0
498 0
494 0
489 0
488 0
491 0
487 0
487 0
486 0
487 0
487 0
484 0
491 0
486 0
488 0
480 0
486 0
481 0
471 0
487 0
482 0
484 0
474 0
487 0
478 0
476 0
479 0
470 0
472 0
469 0
469 0
473 0
473 0
469 0
479 0
474 0
467 0
475 0
474 0
470 0
465 0
464 0
466 0
460 0
463 0
464 0
459 0
463 0
464 0
459 0
464 0
463 0
463 0
457 0
452 0
455 0
459 0
450 0
461 0
453 0
456 0
453 0
455 0
455 0
455 0
457 0
456 0
453 0
452 0
453 0
446 0
449 0
449 0
443 0
447 0
448 0
450 0
448 0
446 0
445 0
448 0
442 0
442 0
439 0
445 0
439 0
440 0
443 0
441 0
442 0
437 0
443 0
447 0
443 0
438 0
442 0
435 0
440 0
440 0
430 0
441 0
439 0
438 0
439 0
437 0
440 0
442 0
439 0
438 0
431 0
434 0
440 0
439 0
432 0
437 0
431 0
431 0
430 0
430 0
430 0
435 0
429 0
426 0
435 0
428 0
428 0
421 0
430 0
429 0
422 0
423 0
425 0
417 0
428 0
424 0
421 0
428 0
421 0
424 0
425 0
423 0
425 0
420 0
422 0
411 0
411 0
418 0
416 0
416 0
410 0
411 0
418 0
414 0
412 0
410 0
411 0
408 0
413 0
408 0
404 0
408 0
408 0
407 0
411 0
407 0
407 0
