21.461832776595564
21.092899121895442
20.83590807018403
20.575390973531885
20.23374934259143
19.908136133510418
19.5360766031405
19.136020501766474
19.045195658163244
18.674568345252723
18.374165055596514
18.139814658964916
17.86344186335932
17.53295606962019
17.386283021304692
17.12161607669813
16.859812819109994
16.799416256167753
16.50227773510251
16.332948061810747
16.129874059109213
15.875282450217446
15.68902736021767
15.453001782263486
15.2733435386701
15.17746100988781
14.93594572425023
14.858671089211189
14.558873777209428
14.420756630807718
14.217052733454912
14.0900561385544
14.060722190369589
13.82457533140219
13.60305698114832
13.512822286183399
13.372651031329978
13.20534231648511
13.09318825726039
12.953580668194768
12.865402402873817
12.769187591985574
12.676420568569927
12.457662223269722
12.32169055566499
12.232607255193772
12.107609091989202
12.01981204896972
11.893135287895529
11.813212323607967
11.604054204544047
11.567799125071389
11.449797144472756
11.339790500729295
11.342445374024141
11.208038119720422
11.118547412010479
10.979704344022903
10.799817825136433
10.777812285852542
10.672360072419702
10.641376744147943
10.555459385747701
10.380698321746104
10.422090837943983
10.220592224732286
10.205295612604424
10.09655555071779
10.003700479367735
9.94782500927206
9.854740132127755
9.786489646252457
9.726495369429767
9.612036389649507
9.6136418195844
9.5142211516512
9.438050435720585
9.419479969517242
9.34218805440939
9.222059318866172
9.110147573234267
9.095053002306031
9.043070505691116
8.97933351946081
8.876004023754279
8.821029342160774
8.785262418584228
8.771299731417093
8.727300509849947
8.592992681201903
8.577929776957808
8.491841211215245
8.484710301839993
8.39544919612601
8.393328599368374
8.293308424791121
8.275902877017458
8.175403821521481
8.09209102179876
8.082390752682185
7.983567018996473
7.9418652639825265
7.923968107846253
7.863645528869865
7.831772443874774
7.8220687897184185
7.772313034359224
7.725073627741299
7.616577287009477
7.618428416388169
7.519643241979936
7.53352598989095
7.465512918390016
7.42729401746599
7.367122789443393
7.380126359553242
7.305954164487066
7.246608665019676
7.1986154848539785
7.209242203416625
7.089880723076021
7.110677015542535
7.055367832939023
7.001397669771027
6.982700637093126
6.95980910541208
6.910640270067497
6.882486809105676
6.838155434650434
6.7963191887873196
6.81584565693147
6.726778797681318
6.6798516393792395
6.7006133480312835
6.563739843159053
6.558193169540818
6.566963551000317
6.523551396288251
6.531612275967371
6.430852966333923
6.4472716939157095
6.364260906121062
6.3579692587699235
6.3511620998524
6.278819885897738
6.284762759779246
6.264956119001155
6.242176621431663
6.156819188078989
6.1719097623965125
6.0907235576491985
6.087442068140506
6.037626353203327
6.041253614135405
5.985040601658827
5.962811139112301
5.945018078873318
5.893126435554402
5.900599730005684
5.91627547845572
5.8292204069208315
5.799371561487805
5.7844726522632754
5.769482932145479
5.732749487099572
5.754238285428373
5.6956201134811515
5.643045629709559
5.640476219491706
5.611873987978401
5.557188652303121
5.526714279153884
5.5506815671407095
5.521306142446148
5.522344710101856
5.4910648426484165
5.453697441077775
5.422696076047988
5.397465870350944
5.3881779998382235
5.33243598172041
5.301684648569125
5.306002340021323
5.260295466419639
5.29554284731139
5.257598057954024
5.23212534476942
5.210789924274586
5.172844062495697
5.1589626790389165
5.162048926399029
5.1423197237357385
5.08785788536185
5.056326984767475
5.0481112704295645
5.021543596513129
5.035506418678825
4.991308591733332
4.991089864746409
4.975602880057595
4.957272000334926
4.902635187339047
4.90869888669833
4.879444564505928
4.872103815416404
4.879604539580386
4.846763587965807
4.81699265622603
4.8212451786125
4.792946483539686
4.781813142487604
4.730211422821644
4.716922425324306
4.691656388685629
4.672671377626439
4.688482469736586
4.676790193287648
4.643809301156459
4.601955282725985
4.619112066694861
4.5832100145555525
4.575511553464626
4.581914668434461
4.543085443356545
4.520869029606754
4.507704084548027
4.468487286453796
4.499257753673046
4.443755633277778
4.441929930749007
4.440966421041967
4.407024809448547
4.389045862144539
4.407347794950601
4.357313734319128
4.373918206070529
4.3739305971858355
4.317779479395721
4.282938187112222
4.285405531869128
4.290991659732997
4.259040371028982
4.246561863727634
4.231460121902132
4.212809639085835
4.201014238760967
4.188631752244783
4.189330326115871
4.176242667668079
4.1302062099318295
4.156654772010565
4.12526319360868
4.118582448919187
4.103970317492981
4.085321668133066
4.079560951927727
4.045885656482476
4.046680511742943
4.033397491486016
4.024565536290529
4.006186651184668
3.997446450066773
3.9856527937294457
3.99950013128519
3.9905573653834834
3.9732072504628153
3.9226865975349368
3.943896724845681
3.928405356483199
3.9178843556901164
3.901398378079639
3.874551772374759
3.8867558174564696
3.8630240994597353
3.8587241538529042
3.8482458131934254
3.837257966921861
3.818531787170916
3.7909717660736963
3.792342521684077
3.7710665987971494
3.748168201716162
3.7840234055546036
3.756961351409518
3.7529633001197635
3.7547913500551204
3.7211591429627564
3.6907499186930295
3.706980409990779
3.680749113803479
3.683715918965704
3.663086258331741
3.6393316863418934
3.663768774267405
3.6282156442554836
3.6469018253767533
3.611094021676492
3.6348825992073444
3.599919912006801
3.592025514923398
3.587564526761455
3.530546626821283
3.544547121373105
3.531057286979615
3.507635692581925
3.5182013921980255
3.5206601253569807
3.5433014947105175
3.4988274640817507
3.472056221909124
3.4837537379639163
3.490125465264873
3.474242189483564
3.4737244867947767
3.42908269511262
3.415087603799357
3.417803235653664
3.4088392516190744
3.4073476366198974
3.388473404003105
3.3674949776625134
3.368122534173699
3.357372148275158
3.341581163026508
3.353873970803243
3.342483750314946
3.3205512636018053
3.3079382540961344
3.326527248740906
3.3264745586787057
3.298218099174137
3.286146901861202
3.2772347749265736
3.2898905579267375
3.2658388038195154
3.279338098936112
3.253863064639127
3.2237945447359877
3.2507764335149956
3.227113342210696
3.2171219578094883
3.1879231975951643
3.2184866520313107
3.1613408344768232
3.1870371995890876
3.157162266943267
3.140086715175012
3.1301516255779642
3.137435082559273
3.135127509633794
3.1304358643970613
3.0949674298594574
3.1098280898023134
3.1012459471259035
3.093250706945346
3.0848840501663886
3.0764940348706067
3.0845756394718133
3.059677551291995
3.0558507284555048
3.056975533406242
3.0493604060798383
3.043003598483697
3.029662974594146
3.0361590286459617
3.0188366695636546
3.0083555239251725
3.0256996342656066
3.01841654601144
2.9809514322847006
3.0004957589323222
2.983144398655254
2.9849046367690155
2.961020090414581
2.941040071566231
2.953318203033218
2.9707233865902505
2.9499878096852967
2.9368209317710168
2.916574988296361
2.891419473339897
2.904434144036322
2.924615976445955
2.8857876178690773
2.895773909094837
2.893523516847217
2.907974822467543
2.8694160441883216
2.862031574885916
2.8625271836516664
2.8654674111002714
2.8555924970380056
2.836622401130926
2.8387573393814023
2.8279465867059845
2.8233645992931042
2.832939956656417
2.839377604642821
2.811905505121422
2.781689451239954
2.813852403764581
2.763982167732336
2.763057068578787
2.79589160514573
2.766352552811145
2.747325071362438
2.77132842118815
2.7575099491088757
2.761040330497499
2.7410374649230036
2.7394405200623764
2.7249741975326924
2.7097526393821862
2.717593981889622
2.699287790531071
2.7093144886197935
2.687572796316444
2.6853156822853452
2.706249012751969
2.6786757563780452
2.6778078982812623
2.66939191901562
2.6689319980927486
2.673729545484666
2.645080641675429
2.6417597742616747
2.6409120108363187
2.6343105847270225
2.6248761105822265
2.6260403926985054
2.6071206986261224
2.627105970270038
2.6376253878747775
2.620250355676126
2.597368079677699
2.591670227635941
2.6100655353932756
2.5760148849091573
2.57237276140303
2.565595378347325
