60281942 10310121
60229981 10361915
60177867 10413805
60246242 10345944
60208152 10383718
60217054 10375074
60139094 10452066
60196439 10395764
60116367 10474954
60170024 10420362
60231404 10360881
60169098 10422256
60158791 10433243
60191287 10399820
60220645 10370299
60212201 10379933
60885645 9709164
61654328 8943064
62081169 8517836
62624335 7976936
63073649 7527942
63708977 6895891
64150547 6455205
64569406 6038035
65090428 5517819
65367565 5242152
65719331 4891263
66079664 4531916
66428046 4184362
66802296 3811110
67076523 3537006
67463417 3151528
67672007 2943146
67985640 2630232
68262557 2353178
68471686 2145435
68665530 1951751
68861962 1755153
69096374 1522054
69210495 1408111
69430555 1188475
69515358 1103853
69707081 912444
69861892 757921
70002869 617026
70028719 591407
70176084 444249
70248871 371143
70336672 283917
70414169 206529
70441597 179165
70489781 131059
70533554 87320
70554986 65948
70583581 37382
70600062 20935
70610435 10599
70619504 1531
70621047 0
70621073 0
70621072 0
70621057 0
70621071 0
70621073 0
70621056 0
70621068 0
70621069 0
70621063 0
70621076 0
70621063 0
70621055 0
70621051 0
70621077 0
70621065 0
70621087 0
70621071 0
70621102 0
70621074 0
70621064 0
70621081 0
70621085 0
70621077 0
70621076 0
70621095 0
70621101 0
70621108 0
70621105 0
70621089 0
70621104 0
70621081 0
70621100 0
70621096 0
70621113 0
70621107 0
70621101 0
70621094 0
70621106 0
70621096 0
70621100 0
70621094 0
70621125 0
70621112 0
70621117 0
70621116 0
70621113 0
70621126 0
70621120 0
70621115 0
70621121 0
70621107 0
70621122 0
70621113 0
70621107 0
70621119 0
70621128 0
70621118 0
70621120 0
70621116 0
70621122 0
70621123 0
