31682 29820
31506 29691
31326 29498
31866 30035
31525 29672
31634 29819
31592 29880
31514 29821
31558 29826
31200 29522
31601 29944
31593 29860
31435 29808
31487 29729
31358 29680
31084 29458
28570 27043
25494 24195
23853 22623
21834 20712
20034 18905
18103 17149
16508 15513
15165 14205
13731 12810
12983 12061
11660 10734
10886 9938
9905 8980
9140 8180
8326 7415
7590 6667
6918 5991
6191 5250
5600 4648
5070 4148
4620 3677
4142 3258
3775 2872
3641 2748
3259 2318
2906 1961
2480 1570
2278 1353
2058 1141
1981 1033
1690 790
1599 689
1383 428
1319 410
1231 318
1178 270
1056 138
1003 131
1009 80
934 38
918 27
902 16
869 2
824 0
834 0
826 0
808 0
816 0
818 0
819 0
813 0
800 0
796 0
822 0
805 0
792 0
792 0
788 0
806 0
788 0
797 0
774 0
770 0
764 0
773 0
761 0
759 0
762 0
763 0
757 0
753 0
753 0
770 0
746 0
729 0
747 0
730 0
732 0
747 0
739 0
724 0
730 0
731 0
730 0
729 0
718 0
724 0
727 0
714 0
729 0
706 0
711 0
713 0
707 0
703 0
706 0
702 0
700 0
702 0
697 0
696 0
699 0
694 0
690 0
689 0
699 0
686 0
678 0
676 0
678 0
692 0
682 0
673 0
670 0
675 0
661 0
661 0
658 0
672 0
659 0
658 0
661 0
662 0
642 0
653 0
663 0
651 0
655 0
658 0
643 0
644 0
648 0
642 0
638 0
647 0
644 0
642 0
636 0
636 0
641 0
630 0
631 0
636 0
625 0
629 0
623 0
631 0
617 0
615 0
609 0
620 0
617 0
621 0
613 0
621 0
608 0
625 0
609 0
600 0
607 0
604 0
603 0
602 0
602 0
602 0
599 0
591 0
589 0
593 0
601 0
596 0
597 0
586 0
589 0
582 0
586 0
589 0
588 0
592 0
585 0
581 0
587 0
586 0
576 0
578 0
589 0
588 0
585 0
574 0
574 0
579 0
574 0
574 0
572 0
570 0
568 0
562 0
575 0
562 0
565 0
564 0
562 0
557 0
570 0
558 0
554 0
553 0
562 0
559 0
550 0
556 0
553 0
552 0
555 0
550 0
545 0
541 0
546 0
549 0
544 0
553 0
540 0
544 0
544 0
544 0
542 0
547 0
547 0
545 0
542 0
535 0
536 0
544 0
541 0
540 0
531 0
536 0
537 0
540 0
532 0
526 0
530 0
535 0
525 0
527 0
527 0
528 0
532 0
519 0
529 0
521 0
522 0
534 0
517 0
519 0
519 0
521 0
520 0
519 0
512 0
519 0
514 0
511 0
515 0
515 0
509 0
509 0
508 0
515 0
502 0
507 0
513 0
502 0
508 0
498 0
504 0
512 0
503 0
498 0
499 0
501 0
500 0
501 0
492 0
493 0
496 0
495 0
494 0
495 0
498 0
496 0
489 0
496 0
490 0
492 0
491 0
492 0
495 0
490 0
482 0
491 0
483 0
486 0
488 0
488 0
484 0
485 0
486 0
487 0
482 0
481 0
478 0
485 0
477 0
490 0
479 0
475 0
482 0
477 0
479 0
485 0
483 0
481 0
478 0
476 0
474 0
478 0
471 0
475 0
478 0
475 0
465 0
467 0
476 0
468 0
467 0
463 0
468 0
465 0
464 0
461 0
463 0
464 0
466 0
458 0
460 0
462 0
463 0
461 0
463 0
461 0
458 0
466 0
456 0
459 0
455 0
455 0
457 0
463 0
456 0
453 0
447 0
445 0
449 0
453 0
456 0
446 0
445 0
452 0
448 0
451 0
447 0
447 0
447 0
447 0
447 0
451 0
450 0
443 0
443 0
441 0
447 0
448 0
442 0
443 0
438 0
440 0
438 0
443 0
440 0
438 0
443 0
438 0
443 0
443 0
442 0
440 0
441 0
444 0
445 0
442 0
434 0
436 0
445 0
434 0
438 0
438 0
432 0
432 0
433 0
429 0
432 0
435 0
434 0
433 0
429 0
435 0
431 0
426 0
428 0
426 0
428 0
432 0
428 0
430 0
426 0
430 0
432 0
423 0
423 0
427 0
422 0
419 0
426 0
419 0
426 0
425 0
416 0
423 0
423 0
424 0
416 0
413 0
418 0
421 0
413 0
411 0
417 0
413 0
414 0
411 0
410 0
409 0
414 0
