22.164367760554242
21.585909810969667
21.285136011639295
21.01755367594528
20.592319462887836
20.384466238295246
19.940650557074186
19.715442675732362
19.425270446465003
19.132778905806266
18.890788178376773
18.615312995489074
18.22529721789945
17.97642300297713
17.851150379766676
17.671217988536412
17.359242346537222
17.023924633073175
16.957491490919466
16.71234286871356
16.49084239215629
16.31993208476538
16.17283103521122
15.910819292760989
15.73694307886156
15.518654171041616
15.328032361962999
15.17241948248104
15.01353013005819
14.751589486754824
14.705999184538069
14.50567163496883
14.335926906973102
14.120923629435843
13.934436569356706
13.866077623671732
13.66998035256109
13.586757404333689
13.479168522292024
13.26140079395152
13.156522844103472
13.055032332955568
12.919835477532143
12.860407314355616
12.683536895809358
12.459744553892548
12.371103729821316
12.328833284374182
12.116955731129446
12.105250447582758
11.930041443905758
11.878455783831614
11.74513043143761
11.663391432506915
11.589569439927335
11.50363464040958
11.346634024324226
11.204075796187183
11.1232722953499
11.063391334734943
10.922764926172649
10.930008950636642
10.819674356384418
10.64150093610516
10.609958114735928
10.489343906931468
10.509750767726874
10.404258523144666
10.284184248813908
10.20878061576882
10.182200804140367
9.985868942692166
10.056164564660389
9.934832413698523
9.87890953446069
9.774504576575518
9.68630779172572
9.577564484543228
9.56425325873065
9.445258556519184
9.438662244977838
9.358625190159614
9.27660948239466
9.198959803639218
9.136050264139326
9.097985212991318
9.017941770124
8.952132671992718
8.91169829014849
8.774756673773627
8.794142708092604
8.721131977299326
8.606494436633046
8.550944495821666
8.61180705390045
8.52207954280364
8.494222856538226
8.33745038570159
8.357931637683341
8.262611151782403
8.19363976337998
8.172559643864824
8.179915192203374
8.025185967048436
8.01146034912138
8.024722711896361
7.911820983207221
7.896075893040954
7.895453618464976
7.804162647230774
7.754764825521615
7.730800881399266
7.640397433873759
7.635688657310502
7.572925214139373
7.524103058934765
7.499923128266639
7.476473397805341
7.407892473632819
7.386067362899599
7.3273539245067925
7.257071093943052
7.2137277058084965
7.1909670531932495
7.186181260484295
7.144994511683089
7.099359683936768
7.027002513785431
7.030110142091237
7.031792884823326
6.91175765131737
6.87693651689277
6.841937577655656
6.8156378223605225
6.802248610124258
6.729935762518841
6.71356061145425
6.69484914313914
6.668807143783499
6.619539074853758
6.592716715579232
6.549611626245051
6.546957337829826
6.440505448798939
6.415418228576128
6.4299018838677995
6.405683844078449
6.372282147420795
6.304413635305127
6.314464251989746
6.279218014982953
6.268672420975351
6.209206998722694
6.169108455626683
6.174836855052408
6.147626666680071
6.104096838337073
6.095704465822235
6.053306624669654
5.984253043806756
5.999757637645603
5.987173338626239
5.956785374660244
5.898103419715817
5.903773359814814
5.872143232380449
5.839694453356099
5.755404369132407
5.8252003709133255
5.761755503748391
5.758569947605331
5.702655451526759
5.668140939136231
5.65012910434214
5.624824671253286
5.642081206448797
5.603797103187665
5.577312710951178
5.573248221741497
5.534785843118884
5.477975534763777
5.471614517967101
5.487510583833602
5.3966259415384865
5.432217334970588
5.360827843249117
5.3721869342579724
5.33729720079597
5.308980068824658
5.308357199029274
5.269683267517863
5.224487576554166
5.237067518670482
5.208059274564139
5.187795755652058
5.171302588170547
5.161537510814651
5.113139567581588
5.107593733150943
5.104443014754397
5.058676132237747
5.04265530474431
5.031100976931168
5.007150681851554
5.003305652881247
4.961107184500852
4.970419818653127
4.950994667151836
4.914912064595228
4.892357214302356
4.897842475905484
4.871364316473714
4.850130361819856
4.838403477092052
4.802929819906721
4.805236687563729
4.764443428438904
4.765230478042044
4.759422992031409
4.722087764200519
4.714539707454578
4.7216755958207
4.678076568610713
4.6822684756831725
4.6625930340437165
4.624130352103744
4.603393321033918
4.589593355398547
4.600820157568787
4.586092685382564
4.570542679510897
4.547286757463235
4.500745088644339
4.501378364268067
4.516136152913032
4.466693439952987
4.431427896495906
4.4471840008817525
4.404166763855664
4.403953742739711
4.401036164954139
4.389212203746683
4.378484378399458
4.367693628995469
4.3751277318716575
4.338088051506302
4.346342635180645
4.293436124700122
4.290851493350919
4.278404075925246
4.253593486271475
4.253736974395651
4.245383274498613
4.194638790907288
4.184735882930372
4.187954574323449
4.1330211377276305
4.174291011436905
4.124796684147004
4.1383533445970215
4.110196466019488
4.1117714501446425
4.096366171449099
4.0739690108851665
4.05702868292196
4.067786354001835
4.057440792605446
4.032405996599555
4.0329741267875345
3.9940214979282245
3.9963780316674957
3.972656050273554
3.962891551987409
3.943749713193199
3.955619355277836
3.9330267658698856
3.926212803928274
3.90184234782977
3.870157160554118
3.8862892622306275
3.882537684075653
3.8658799898130614
3.853724683532437
3.838478652242725
3.843325552248207
3.7925919489690565
3.8411862329554882
3.793216170228675
3.800316279570518
3.7769246943272354
3.7872663023701305
3.7636344171537166
3.748560430667485
3.751039837210262
3.7402630592997506
3.727995261203478
3.723739625166936
3.679584674650232
3.699757203763049
3.6812911314741994
3.6736039341826654
3.6480374910134743
3.626424062704
3.6321004631017875
3.622092873681165
3.6395161308947173
3.6077269319489234
3.6025236090478554
3.5838939516438355
3.567901894992283
3.551861996900189
3.5490468901263443
3.565193664852336
3.5422950452026045
3.5394007620756653
3.5014837481258474
3.517509498064346
3.506638885757293
3.482558528412264
3.4922043777123326
3.4583954943396495
3.4863260782508156
3.447466089304246
3.4659420385043767
3.4308670481627566
3.417848381501117
3.428790026985885
3.4252826434725785
3.390514083873013
3.3872950524551513
3.381539554223621
3.388631941299687
3.3965981778907053
3.3671785188906256
3.347738088423439
3.3260197244116716
3.3514292495938753
3.3015663103642874
3.3364247638846565
3.3065280968504247
3.3060573804274145
3.327695871462288
3.2747423328016363
3.2934581128974925
3.24287043341059
3.2449107128679477
3.254539484039492
3.273525083614431
3.2460236611167397
3.2179882181423363
3.218078977769919
3.198958778190586
3.1991378986986545
3.184030129869252
3.194240297976471
3.1585649289064053
3.154713053322321
3.135327119404644
3.148735584490987
3.139880189104674
3.139027275356875
3.1190755677756377
3.1182997744851675
3.111351400498677
3.1200066121414736
3.087280426720608
3.0838121768441034
3.0805404469061184
3.0911049290090773
3.0532145291249346
3.0919603338046953
3.0627502914927933
3.0679623539034377
3.0554951159469033
3.014294203998704
3.0320933573967297
3.014579870481855
3.0285816340151315
3.013077057733449
2.9770495904648238
2.976355490598444
2.9823755684410025
2.9756698953181466
2.961647415542484
2.9824647378864713
2.96369186706871
2.956093381675464
2.95395667688116
2.944381674558481
2.930050261331485
2.9266880474098707
2.9368039020924153
2.890733747554468
2.925416624866359
2.91105021103881
2.8881604281356887
2.882250742273852
2.870612778022894
2.8690981554469204
2.871820239196495
2.8784913565930905
2.870885444750195
2.86754343533662
2.829021383854313
2.8429987025810717
2.8363890474487743
2.8298614082860922
2.8269847562948143
2.8194579177375316
2.8433415311843646
2.816338477558954
2.785946132686422
2.8030715341119867
2.781512956432935
2.7688766004516854
2.7788727312431867
2.7851778466398174
2.754099155948079
2.751834109931374
2.747559436580125
2.7566190136486237
2.7413504953356664
2.7470491441523697
2.735408182004221
2.7291641035608833
2.728651627215486
2.7052168447763094
2.702855773035226
2.7152029041908943
2.713444915103298
2.6899314076987957
2.684926162523152
2.693834266734534
2.674601159343365
2.6821608711227145
2.660430533084414
2.64291561487222
2.6665189743124187
2.652247827854435
2.6451372301126863
