33632 31658
34045 31899
33956 31986
33709 31824
33423 31488
33491 31586
33566 31721
33924 32008
33533 31697
33635 31816
33737 31834
33634 31753
33673 31810
33578 31763
33570 31780
33055 31251
30432 28831
27283 25868
25711 24300
23468 22255
21535 20343
19322 18214
17801 16827
16490 15502
14987 14047
14093 13163
12775 11808
11928 10997
10819 9904
9827 8916
9201 8284
8361 7460
7661 6700
7046 6100
6150 5232
5836 4909
5173 4256
4724 3801
4251 3314
3962 3037
3590 2659
3325 2400
3019 2077
2778 1849
2290 1351
2246 1303
2019 1106
1770 829
1627 716
1553 635
1386 460
1287 383
1178 250
1140 233
1072 159
997 108
954 69
952 50
897 17
892 4
871 3
839 0
833 0
845 0
821 0
829 0
813 0
838 0
823 0
809 0
819 0
806 0
807 0
790 0
803 0
812 0
787 0
794 0
802 0
785 0
789 0
767 0
784 0
777 0
789 0
770 0
758 0
763 0
763 0
757 0
750 0
768 0
740 0
744 0
732 0
757 0
736 0
745 0
743 0
731 0
742 0
737 0
732 0
726 0
723 0
724 0
731 0
715 0
721 0
729 0
713 0
711 0
713 0
707 0
715 0
703 0
704 0
707 0
703 0
696 0
692 0
693 0
697 0
702 0
692 0
694 0
684 0
682 0
687 0
687 0
682 0
677 0
678 0
676 0
674 0
670 0
667 0
681 0
667 0
660 0
655 0
658 0
658 0
660 0
656 0
657 0
653 0
649 0
649 0
648 0
630 0
646 0
644 0
650 0
642 0
654 0
644 0
647 0
644 0
630 0
638 0
631 0
638 0
637 0
626 0
630 0
623 0
620 0
624 0
626 0
625 0
622 0
619 0
613 0
620 0
620 0
617 0
609 0
612 0
619 0
607 0
604 0
608 0
617 0
596 0
600 0
606 0
605 0
603 0
593 0
594 0
597 0
594 0
601 0
601 0
588 0
595 0
597 0
587 0
594 0
595 0
586 0
584 0
580 0
589 0
597 0
585 0
582 0
576 0
578 0
584 0
575 0
575 0
589 0
580 0
579 0
574 0
575 0
576 0
570 0
567 0
561 0
573 0
566 0
564 0
567 0
564 0
564 0
559 0
556 0
555 0
561 0
563 0
555 0
563 0
555 0
554 0
556 0
550 0
555 0
549 0
544 0
552 0
549 0
550 0
549 0
545 0
552 0
543 0
547 0
541 0
553 0
545 0
544 0
540 0
537 0
541 0
532 0
539 0
543 0
533 0
539 0
537 0
537 0
530 0
534 0
533 0
533 0
532 0
531 0
536 0
532 0
530 0
535 0
524 0
526 0
532 0
527 0
525 0
530 0
522 0
518 0
516 0
520 0
527 0
518 0
516 0
516 0
522 0
523 0
514 0
513 0
509 0
509 0
511 0
511 0
511 0
508 0
506 0
500 0
502 0
501 0
509 0
503 0
509 0
506 0
500 0
508 0
501 0
503 0
504 0
494 0
495 0
498 0
498 0
501 0
498 0
500 0
499 0
495 0
491 0
490 0
492 0
489 0
496 0
501 0
484 0
493 0
489 0
484 0
484 0
495 0
490 0
491 0
487 0
488 0
487 0
485 0
482 0
484 0
483 0
489 0
478 0
486 0
486 0
480 0
482 0
478 0
483 0
486 0
485 0
479 0
481 0
482 0
487 0
475 0
470 0
481 0
478 0
478 0
479 0
474 0
467 0
469 0
473 0
475 0
467 0
469 0
468 0
474 0
475 0
463 0
465 0
464 0
468 0
458 0
465 0
461 0
464 0
461 0
462 0
455 0
464 0
460 0
459 0
456 0
459 0
463 0
457 0
454 0
453 0
451 0
457 0
455 0
453 0
454 0
454 0
450 0
454 0
451 0
451 0
446 0
448 0
449 0
446 0
450 0
449 0
449 0
454 0
448 0
447 0
448 0
451 0
443 0
447 0
445 0
447 0
438 0
443 0
452 0
445 0
443 0
445 0
442 0
441 0
441 0
443 0
445 0
439 0
439 0
444 0
442 0
438 0
437 0
437 0
435 0
440 0
436 0
435 0
432 0
434 0
435 0
435 0
438 0
439 0
437 0
439 0
430 0
437 0
436 0
438 0
423 0
438 0
436 0
435 0
428 0
431 0
441 0
432 0
431 0
434 0
425 0
431 0
431 0
427 0
416 0
428 0
429 0
418 0
421 0
