62806496 11634258
62757322 11682740
62755430 11685342
62683150 11757867
62783669 11657304
62801912 11637429
62712958 11727423
62740819 11699718
62730775 11709187
62830188 11609881
62706410 11733301
62802611 11638395
62694059 11746906
62736402 11704237
62729761 11709688
62760172 11681250
63477102 10966619
64360279 10085925
64787782 9661144
65224094 9225550
65867669 8583863
66490692 7963351
66880279 7575517
67591166 6865264
67935347 6523418
68319998 6139837
68767405 5693543
69142457 5319706
69504979 4957639
69952436 4511208
70208294 4256354
70575411 3890362
70790691 3675252
71138269 3328430
71505394 2962378
71653922 2813944
72014804 2454064
72205551 2263680
72452831 2016637
72567628 1901818
72862341 1607170
72932570 1536398
73170422 1300230
73305851 1165427
73527470 944152
73609157 862630
73777841 694192
73874976 597237
73968105 504267
74069840 402653
74132533 340080
74195575 277120
74269444 203396
74278801 194049
74338834 134059
74382029 90948
74415242 57766
74433438 39601
74448663 24421
74472322 796
74468271 4831
74473128 0
74473148 0
74473136 0
74473141 0
74473143 0
74473134 0
74473144 0
74473129 0
74473144 0
74473140 0
74473135 0
74473143 0
74473153 0
74473145 0
74473147 0
74473132 0
74473151 0
74473149 0
74473166 0
74473172 0
74473169 0
74473158 0
74473148 0
74473162 0
74473181 0
74473179 0
74473155 0
74473169 0
74473172 0
74473177 0
74473169 0
74473177 0
74473163 0
74473180 0
74473161 0
74473194 0
74473175 0
74473171 0
74473161 0
74473171 0
74473174 0
74473185 0
74473173 0
74473186 0
74473197 0
74473182 0
74473180 0
74473182 0
74473180 0
74473191 0
74473194 0
74473199 0
74473198 0
74473189 0
74473199 0
74473198 0
74473196 0
74473198 0
74473199 0
