23.07714833953425
22.727740396291246
22.443175363864174
22.177875092732645
21.608452567574815
21.330104027321344
21.09904371233958
20.708294734815844
20.351006786402476
20.17692149143379
19.810740620711
19.50365960259804
19.277163088908114
19.00620665537558
18.653540851250227
18.398932051948826
18.31300584103601
18.04241982649002
17.775941390022286
17.578430401547756
17.28168977117531
17.149669497531097
16.937069599463555
16.66327872494264
16.54932130601668
16.360879811195417
16.163522616754882
15.939340396150325
15.75123948669974
15.544350581359463
15.35450604419378
15.22035705779067
15.000041145422053
14.820696716948556
14.71607608914208
14.566307847986673
14.36310938995647
14.292416835045492
14.142367501324602
14.058623817237086
13.863781178652802
13.692519344488552
13.644169743741413
13.469148621734794
13.307612721572427
13.164446440633856
13.036230254465261
12.967825159486246
12.885160482111829
12.649800160797922
12.582332529311282
12.489103323808218
12.2771076842799
12.2653157744798
12.111641887742799
12.06686505135113
11.955736438517857
11.79613456708135
11.707105892860495
11.631665886039599
11.51493010989082
11.380411457675542
11.38525475957932
11.304332731663816
11.148166716162581
11.132226059082178
10.980104936611461
10.913650879517254
10.794626098360645
10.744125112082784
10.677296597712532
10.569405335706351
10.52847090144228
10.482840323634946
10.395221973858293
10.245988866133704
10.18437197409612
10.077193885901863
10.074968636384636
9.978587516302182
9.899518718844778
9.85875719009258
9.753420994271275
9.62736624882667
9.64060611399038
9.546875574344613
9.495517849839693
9.447723722008543
9.353276041106955
9.3332226567043
9.23356435940435
9.17125100940082
9.144605056159758
9.052174959627882
8.998924383020086
8.96979885109139
8.860302060062136
8.811299386357495
8.774316585635834
8.712066035853741
8.661013007913107
8.618851334326383
8.49544414994083
8.491343632748121
8.408675899572607
8.407050247685149
8.31959385634774
8.288977220860708
8.29889420838701
8.205185071978871
8.158369867503161
8.082598158040337
8.113471949761937
8.055793492732255
7.996529331180263
7.94547069820577
7.844455639954498
7.8526908431664655
7.7583862263054835
7.734833436055442
7.665306117567433
7.648477744790398
7.599051810372197
7.565823919101723
7.573851839304725
7.478074310356089
7.464278543754437
7.445306320653003
7.415896639495859
7.316129418516323
7.27178353530574
7.21356473140027
7.2256562690450945
7.1930116412713
7.127281536941768
7.089357583714043
7.091049117819766
7.055827297431637
6.995452027897857
6.969394527209397
6.9579927666415795
6.9234500767170335
6.849157244633124
6.80545959204478
6.76849747791452
6.769329716033249
6.70755049322189
6.701579075072794
6.668864884175344
6.624167517524733
6.595732916581232
6.550129423439198
6.588406229826887
6.500781160254835
6.451973956326764
6.440011423433214
6.463477539649062
6.39442937476017
6.3659280237908416
6.332284804965844
6.299868807263265
6.305310829839186
6.25424022545383
6.2050817667388305
6.198395500609404
6.156181348692217
6.118088785853242
6.102336740648325
6.097270226306501
6.024509123343
6.008978296208488
6.003305800868938
5.968168492518857
5.965335982836436
5.942481005463294
5.900066177884378
5.837898365589558
5.854559414692336
5.8422027352523624
5.7997109936255224
5.781046532638175
5.727038612101009
5.73218573995625
5.70700550035873
5.67758617848685
5.627920990014525
5.630633268740445
5.611422447843276
5.594873214812926
5.543533730834588
5.569363335636217
5.55675843354882
5.497974511632162
5.49993069435387
5.446292446274147
5.48388140011567
5.383106664226329
5.38772291047364
5.357954063874263
5.322383458963017
5.361701983955527
5.294899743830013
5.317379208290995
5.270731868211815
5.227701661703064
5.2210298013093235
5.208332093180966
5.1968992646699
5.194894356878315
5.153657906612905
5.107182145782235
5.140637553240481
5.116732660222022
5.080854757402481
5.040317410365742
5.022831894550572
4.996096813798549
5.000426895590497
4.98272128932847
4.945236083022639
4.932884978253641
4.914112311473377
4.926580670817703
4.893318581924011
4.884980703446127
4.8947654628125115
4.818173536311209
4.8272226716270055
4.81272815846839
4.793106510800415
4.768545537178825
4.775177639492804
4.736286483607432
4.7259236093154415
4.724508218627657
4.697947590702588
4.671154089306083
4.66751144650867
4.677622584197638
4.643559160615841
4.641025702733673
4.598699703765878
4.612243025054601
4.594547607640902
4.581495999155031
4.578363007937837
4.558571325054004
4.508215181860896
4.503197676404743
4.469805401290964
4.485356351041155
4.445767646595014
4.466662276280126
4.452518739477627
4.430563045187564
4.400102794760391
4.403811960933699
4.392762137236378
4.371819298269429
4.374241912582392
4.344258467116811
4.33730069401877
4.300603423543716
4.3171868781986635
4.260952030861809
4.280259748331134
4.279443267013574
4.240172467562598
4.207834925485086
4.171522622639845
4.183281886838536
4.1863712835611455
4.192163155734074
4.15463273418711
4.159161317433582
4.1409619420081505
4.162961974446503
4.127200390919358
4.076828770173984
4.072779988974753
4.067283477833762
4.058504605571256
4.05649885635361
4.039734943735329
4.021815998736388
4.021828805307132
3.9898673111536778
4.011370783156608
3.9848839358009718
3.969818925724164
3.959609800689855
3.937313631675097
3.9315471830791284
3.9350400039009177
3.9198341792168776
3.9097383331762123
3.8835498987327948
3.8902226494031424
3.8757154132410276
3.8795360622253314
3.842351549773193
3.8483741080893106
3.8415352714124036
3.831126506634055
3.8090417234173786
3.7785848214297286
3.7700068413724876
3.775952098960197
3.782467582225763
3.7497543285451003
3.7519412917267507
3.738884903191681
3.7395749342067117
3.7091624234275056
3.7101799134425075
3.671676777177686
3.690089318932894
3.6632336185063443
3.6744263078376207
3.666398017004144
3.647911734521167
3.6531535504822115
3.659564961048973
3.6250769246637784
3.6009627593317965
3.596801215454957
3.606205443335266
3.5996504131749703
3.5774404551401404
3.574764568949786
3.571154903681086
3.554092683347653
3.5486634257907665
3.5402512471460863
3.516999844013526
3.507571744756406
3.5090760869067186
3.5036412504946295
3.510909088037015
3.4936369739485533
3.462239420075921
3.4493924816969477
3.4439565016967437
3.4335920384928227
3.455319394346934
3.4229537830147545
3.412654528394328
3.406811386491595
3.38676661585386
3.3977014847855296
3.408620785621024
3.389116880475383
3.372847413874349
3.3647938618036326
3.364062766741772
3.3385476723524334
3.326794654042228
3.3425523411999123
3.2961348303324485
3.309196978672876
3.3354142826453312
3.318074561560427
3.2919608426214837
3.273989339320651
3.277164977972393
3.245076201342938
3.2334825647894103
3.2606564728123546
3.245156362593998
3.2264507340400312
3.2314592351463123
3.2246757496998724
3.2090791515928414
3.221972839589382
3.197417092870169
3.205411447939757
3.174203328998974
3.1831423178481235
3.1669201408627394
3.145322165414145
3.1453084223937706
3.1301059523368533
3.1190275993869
3.1046474317347563
3.1205733289729007
3.1271769738610917
3.1129076823356625
3.088754432725973
3.072938772813909
3.073706843156126
3.0739505996506775
3.0742869768699164
3.058104336973611
3.065660358754326
3.0406641763714655
3.02782662670156
3.029798587580483
3.0242323995827336
3.0018609877131164
3.0152426652689157
3.024160059098822
2.9835859918493157
3.0045042306935104
2.9973420061659453
2.979413309421861
2.991241505147955
2.9843385513853926
2.969902797709656
2.977290218117287
2.9430179450852822
2.958375280255682
2.9493071269763163
2.9313356084016617
2.9162006729152563
2.9231241423400958
2.91027706605382
2.9126973544178143
2.9020997944679743
2.9042798276570467
2.8830192449732452
2.891209046973813
2.886962914426588
2.881563159392945
2.86001614533061
2.874492556647242
2.865761227432465
2.8519855187467877
2.8602612833385366
2.8477266517054294
2.8358217879404264
2.8211440338351985
2.8348085581954274
2.832190530484058
2.803623610570421
2.809386274457729
2.8099912349051284
2.8141035525154985
2.791123900277826
2.789155705343446
2.795710609764374
