43062192 2370055
43089310 2343018
43070994 2361204
43074815 2357476
43170836 2261956
43364647 2069211
43561997 1872817
43801285 1634535
43940271 1496232
44111872 1325391
44314503 1123545
44465308 973246
44542300 896516
44635542 803663
44743474 696119
44843953 595918
44957535 482714
45029396 411076
45129024 311731
45178603 262273
45221168 219844
45294116 147091
45326979 114318
45372531 68870
45384087 57357
45402918 38559
45422660 18870
45437763 3800
45439152 2418
45441576 0
45441584 0
45441592 0
45441594 0
45441593 0
45441589 0
45441597 0
45441612 0
45441598 0
45441610 0
45441613 0
45441592 0
45441602 0
45441610 0
45441612 0
45441622 0
45441633 0
45441620 0
45441624 0
45441614 0
45441615 0
45441622 0
45441619 0
45441623 0
45441619 0
45441638 0
45441625 0
45441626 0
45441634 0
45441621 0
45441645 0
45441632 0
45441638 0
45441640 0
45441645 0
45441641 0
45441645 0
45441638 0
45441646 0
45441647 0
45441638 0
45441651 0
45441645 0
45441665 0
45335030 0
45441647 0
45441658 0
45441663 0
45441662 0
45441642 0
45441658 0
45441647 0
45441662 0
45441658 0
45441657 0
45441657 0
45441659 0
45441656 0
45441663 0
45441671 0
45441669 0
45441664 0
45441663 0
45441680 0
45441664 0
45441660 0
45441674 0
45441673 0
45441673 0
45441664 0
45441679 0
45441674 0
45441684 0
45441669 0
45441679 0
45441676 0
45441677 0
45441685 0
45441672 0
45441677 0
45441680 0
45441680 0
45441674 0
45441677 0
45441686 0
45441676 0
45441690 0
45441694 0
45441684 0
45441691 0
45441682 0
