48649058 3271707
48704850 3216049
48757364 3163753
48713251 3207847
48814114 3107528
49015889 2906809
49265774 2658164
49525640 2399592
49729663 2196488
49964592 1962542
50120576 1807197
50356108 1572593
50415760 1513122
50640766 1288962
50767765 1162343
50868728 1061735
50996357 934504
51166082 765298
51264073 667539
51315463 616283
51391186 540793
51527719 404602
51577338 355129
51635345 297262
51712084 220696
51762992 169873
51819088 113917
51839911 93163
51868179 64944
51883117 50029
51902840 30354
51920827 12415
51923949 9273
51932709 554
51933273 0
51933274 0
51933283 0
51933282 0
51933265 0
51933286 0
51933294 0
51933283 0
51933293 0
51882771 0
51933294 0
51933293 0
51933290 0
51933297 0
51933289 0
51933284 0
51933298 0
51933300 0
51933304 0
51933304 0
51933303 0
51933298 0
51933303 0
51933315 0
51933297 0
51933299 0
51933299 0
51933304 0
51933311 0
51933317 0
51933310 0
51933322 0
51933329 0
51933326 0
51933319 0
51933321 0
51933325 0
51933320 0
51933340 0
51933332 0
51933322 0
51933329 0
51933337 0
51933333 0
51933339 0
51933333 0
51933331 0
51933339 0
51933336 0
51933341 0
51933335 0
51933338 0
51933335 0
51933347 0
51933339 0
51933350 0
51933323 0
51933334 0
51933350 0
51933357 0
51933345 0
51933349 0
51933359 0
51933351 0
51933344 0
51933359 0
51933353 0
51933343 0
51933352 0
51933359 0
51933362 0
51933356 0
51933352 0
51933354 0
51933365 0
51933364 0
51933351 0
51933353 0
51933362 0
51933362 0
51933360 0
51933359 0
51933367 0
51933359 0
51933374 0
51933373 0
