25330 23996
25195 23928
25449 24134
25314 24000
25300 23979
25278 23990
25426 24102
25260 24071
25268 23884
25578 24135
25558 24254
25298 23946
25366 24029
25222 23884
25272 23906
24739 23505
22537 21389
20304 19142
18812 17767
17110 15930
15669 14588
14462 13460
12693 11650
11555 10551
10407 9326
9617 8642
8615 7496
7895 6874
7043 5986
6364 5209
5852 4735
5108 4067
4732 3709
4082 3119
3691 2695
3486 2482
2939 1828
2593 1572
2394 1253
2192 1158
2106 962
1797 758
1665 531
1481 406
1369 294
1335 261
1241 159
1157 118
1026 50
1096 26
1145 21
998 5
894 0
1092 0
953 0
966 0
941 0
910 0
979 0
978 0
900 0
941 0
985 0
904 0
837 0
998 0
980 0
890 0
996 0
888 0
981 0
909 0
888 0
917 0
886 0
932 0
927 0
965 0
978 0
921 0
908 0
860 0
885 0
827 0
831 0
845 0
874 0
1016 0
824 0
989 0
865 0
843 0
902 0
836 0
856 0
845 0
921 0
829 0
780 0
779 0
822 0
877 0
895 0
1046 0
873 0
801 0
807 0
799 0
934 0
801 0
830 0
984 0
833 0
815 0
751 0
811 0
796 0
817 0
853 0
899 0
775 0
781 0
783 0
842 0
880 0
816 0
807 0
794 0
812 0
868 0
737 0
806 0
749 0
765 0
695 0
775 0
819 0
773 0
733 0
805 0
734 0
720 0
809 0
796 0
718 0
713 0
709 0
762 0
730 0
773 0
724 0
690 0
728 0
719 0
757 0
710 0
839 0
781 0
765 0
727 0
744 0
698 0
731 0
700 0
699 0
740 0
686 0
678 0
729 0
674 0
759 0
648 0
693 0
704 0
667 0
651 0
646 0
642 0
688 0
676 0
637 0
675 0
661 0
688 0
646 0
656 0
655 0
644 0
640 0
663 0
607 0
606 0
620 0
605 0
617 0
631 0
602 0
604 0
598 0
605 0
629 0
614 0
593 0
590 0
582 0
645 0
599 0
627 0
614 0
625 0
635 0
611 0
601 0
603 0
594 0
596 0
585 0
589 0
600 0
582 0
586 0
585 0
550 0
583 0
593 0
590 0
583 0
552 0
570 0
560 0
548 0
538 0
598 0
577 0
545 0
537 0
557 0
562 0
554 0
585 0
566 0
542 0
547 0
548 0
562 0
540 0
527 0
533 0
539 0
528 0
501 0
523 0
552 0
517 0
518 0
526 0
513 0
537 0
523 0
522 0
531 0
528 0
517 0
515 0
502 0
536 0
522 0
520 0
520 0
534 0
514 0
514 0
513 0
529 0
506 0
496 0
541 0
510 0
509 0
490 0
516 0
514 0
524 0
501 0
508 0
513 0
510 0
507 0
499 0
506 0
498 0
500 0
510 0
498 0
497 0
492 0
496 0
496 0
487 0
488 0
504 0
494 0
484 0
485 0
510 0
495 0
469 0
471 0
480 0
484 0
498 0
487 0
475 0
489 0
485 0
469 0
488 0
489 0
469 0
486 0
474 0
475 0
460 0
453 0
467 0
459 0
470 0
476 0
473 0
463 0
470 0
461 0
460 0
475 0
456 0
460 0
453 0
456 0
456 0
447 0
465 0
469 0
459 0
457 0
453 0
450 0
458 0
472 0
455 0
458 0
461 0
457 0
440 0
451 0
449 0
448 0
453 0
448 0
451 0
439 0
453 0
441 0
448 0
445 0
439 0
442 0
450 0
446 0
433 0
448 0
456 0
448 0
450 0
443 0
442 0
436 0
448 0
440 0
450 0
433 0
434 0
431 0
443 0
439 0
441 0
440 0
435 0
437 0
431 0
436 0
438 0
437 0
439 0
428 0
445 0
444 0
427 0
439 0
427 0
422 0
431 0
424 0
425 0
434 0
423 0
427 0
432 0
427 0
424 0
416 0
432 0
426 0
421 0
425 0
426 0
414 0
422 0
421 0
416 0
422 0
417 0
413 0
428 0
404 0
411 0
412 0
417 0
406 0
404 0
421 0
404 0
410 0
415 0
405 0
400 0
415 0
413 0
410 0
407 0
404 0
403 0
404 0
411 0
411 0
403 0
398 0
392 0
403 0
409 0
399 0
399 0
410 0
397 0
403 0
404 0
397 0
401 0
399 0
395 0
397 0
403 0
400 0
401 0
396 0
397 0
396 0
402 0
402 0
404 0
389 0
