19.09704444002846
18.859788688840684
18.59662277258589
18.257958762995322
18.052817648416816
17.789091789780827
17.377069315318632
17.269908041839813
16.902699088513938
16.650533389907004
16.468442833708774
16.22622349449665
15.861394331725437
15.836716274819164
15.592934004668859
15.225235925151951
15.161999090035604
14.875007666987877
14.729294690304359
14.536586629128227
14.38981370815408
14.135365320044974
13.896278409935276
13.815316118617034
13.639103892575365
13.553468135618399
13.283499009655767
13.159848959096676
12.940155176432532
12.926938109229457
12.761396134973676
12.55328965842708
12.494422081050583
12.299107566028171
12.131288628971387
12.07770781602538
11.914723836171415
11.82037375972077
11.643480189655815
11.558051436241609
11.550275387716116
11.399726144215084
11.227588979099982
11.134364985867332
10.996977274081015
10.840735320135973
10.734659796296471
10.67910239042682
10.723469794639467
10.491640275274586
10.428290780284623
10.347268792313871
10.202726199387826
10.11029681103348
10.096041910638519
10.011257544269665
9.910727978556224
9.813823066648808
9.714788516064944
9.655104766010082
9.483638783519984
9.427851174033595
9.413607337318615
9.283964150845518
9.226285427416197
9.127212839351522
9.11970241484847
9.089997141199792
8.996216010395845
8.907786437623558
8.811951073772457
8.803245704974543
8.687662726375462
8.64436845846185
8.49519833646524
8.459424897551125
8.48443915833563
8.410757761193327
8.381710882609777
8.24774214415349
8.175426390952431
8.14912753410491
8.129712435234477
8.028481846322723
7.923931848033292
7.960823524788416
7.788825381050828
7.794773619383114
7.772590174532581
7.69245082572013
7.685776014622988
7.550341877859182
7.593537385050772
7.532632623124898
7.412189778872258
7.385896268484249
7.384507992002052
7.283471209775037
7.217351173539329
7.218506165814101
7.167343948243081
7.118313728763201
7.096796125174233
7.0988968372899945
6.953386976901897
6.9386265455037615
6.903609480127525
6.882672050255978
6.869538866875752
6.812342682388371
6.740652579270613
6.739812760040332
6.689331491644662
6.642222981301686
6.560699066671296
6.554695125281703
6.535019205585732
6.505004475433139
6.4720148153577295
6.414536930641635
6.406128878050714
6.338386842682757
6.299598764020382
6.320184789222913
6.200449067095701
6.21612692477818
6.173615149596621
6.123229047828218
6.104348495349433
6.056600764470172
6.047826221820478
6.065680258864358
6.0078995395597445
5.925467756485125
5.853821627649262
5.86290380198745
5.901417716600527
5.834693271184801
5.787462531078621
5.742665533241279
5.710329857841962
5.707116471265554
5.614924164064823
5.687116701876257
5.611410950204911
5.587802189648894
5.569541872289864
5.5651591595331755
5.5365767810719255
5.472205449214189
5.45642026547996
5.506091725815041
5.446067483157849
5.39150280097316
5.35597853504159
5.313647048872513
5.337157549961858
5.3033259025459145
5.286394565024275
5.266369134779342
5.245833055505923
5.248375046502815
5.196391936240683
5.155002335052882
5.102052024671648
5.136976942575866
5.119086627501738
5.0594039484255156
5.019987628221197
5.011723770942867
5.003371663116627
4.992962977229135
4.962622456770395
4.953282585979696
4.95816033224861
4.947272284805463
4.892366631128195
4.836681745452106
4.849786865345438
4.827724952881859
4.794117431536795
4.805159407285882
4.743714761848528
4.7604771536413955
4.7140658373470075
4.701436441718049
4.635809555845608
4.6561663504026
4.638979323078547
4.661124973269352
4.627398828425019
4.553019125683349
4.544308092292654
4.547522806502968
4.480713823355172
4.524458751617199
4.480746497987672
4.4590086971371985
4.46567018511379
4.428263541035049
4.395900096997343
4.362189913244011
4.341605168951737
4.347653043526112
4.348514048347547
4.324909057103218
4.312100687495576
4.279641097634851
4.274887078312618
4.2579412531016025
4.24694649503635
4.223050530455193
4.183732547060449
4.168775430712576
4.201025161416137
4.183764368957455
4.164743703141087
4.122725809591463
4.121299357004945
4.128551974850916
4.093341056825011
4.077892204549537
4.092034893809009
4.082469972108856
4.042297925922262
4.0379002240718025
4.027381505345815
3.9959287432066954
3.977777337394955
4.003468008350665
3.9829012621050035
3.9397596200409044
3.947393042536987
3.9204637980229835
3.918013239867205
3.9125121345624847
3.9006166509034985
3.878349585897854
3.8832457947267995
3.86643421065959
3.8562487015737767
3.8446453579692204
3.828637752813272
3.8084523344620496
3.760958851870357
3.7651094887147565
3.793941193695055
3.7722928791465393
3.7581945917288295
3.748158350972035
3.703083937929482
3.7241878210732215
3.7029277428699903
3.6583530109442655
3.7021608811843296
3.678134384958453
3.6604551943668686
3.595935339744183
3.641645809757904
3.6016079738823032
3.6149527664138033
3.5995492936210463
3.5818172093824567
3.5625312423062
3.5586021634534517
3.5686613664131754
3.564017670973103
3.4788427895963583
3.527724294136801
3.4781668410769564
3.5216217119356066
3.4216920988184962
3.483812346677439
3.4699216039017027
3.4388963613947814
3.4047153201666784
3.4123010660176627
3.3783993684041342
3.3731499852088973
3.3629799776812845
3.3272709655083688
3.356690005018959
3.3416672979084523
3.3312947609423125
3.32745216652753
3.3193804728644816
3.3413592009239346
3.2976246938147256
3.299227448115112
3.272476996361363
3.2588881465627195
3.2561142982790807
3.2884823632844586
3.2447597771662573
3.245247887443952
3.220811867167413
3.2073339932037017
3.191931942795129
3.188221319926101
3.213254454037144
3.189915418870023
3.1972424443045293
3.1714900816427485
3.171428274354139
3.158942865120962
3.150528488797679
3.154640706399009
3.132909281681259
3.1419373100104258
3.099964002398192
3.109397180180404
3.0900598678770215
3.077130322130356
3.1105052128566513
3.0942399853327336
3.058389437609674
3.0871806793420005
3.048924684947224
3.061995441786371
3.0133364086712575
3.0275593270447394
3.0289556962584334
3.0226835405418617
3.015259324944141
3.026900162975446
3.006500200065393
3.013110169612337
2.9817438059274215
2.989791296371859
2.964514455079361
2.9781784855782076
2.958480067075616
2.9381598277390735
2.937964574971966
2.9459258939962547
2.945923922767604
2.9264730800162058
2.915764288252949
2.883070729114597
2.890382106490981
2.8747215675226467
2.8660617314160617
2.887677326218795
2.8586377424505143
2.858723619847801
2.852265284630812
2.8665524583609523
2.8534850060036296
2.849870044850218
2.827003685620641
2.8255658081442085
2.8281992506038205
2.825085967959799
2.8190738728576616
2.795663064255227
2.8166915084601802
2.786999613263538
2.7667535910715038
2.785356205076098
2.7419316681876262
2.7656496626381344
2.759131829737835
2.748985624012362
2.733101043475199
2.7262956258801205
2.720827722813997
2.71702435215564
2.689799618984307
2.6824024096383825
2.6957065967369997
2.680246132890857
2.6807573308296013
2.702085503718615
2.6954214165426857
2.6523510742890037
2.661215107382832
2.6575471763394125
2.656252418675367
2.665581940678858
2.6132982928193176
2.6476267545931202
2.5979601290803886
2.614177563682588
2.617441774991285
2.569898621731063
2.618177937640803
2.5641923692171984
2.5832353091466302
2.5383254304478213
2.552698737072615
2.581813295061802
2.5136213181480094
2.5338255318058054
2.515829882033029
2.521950115971288
2.506433072243972
2.4984835276628994
2.491301863630779
2.4743035037933963
2.498096038576739
2.466043032262335
2.4851817417240225
2.472458158972554
2.4781986573240466
2.4664711384502085
2.464009088119756
2.4638061655697903
2.453139530491567
2.46362620675186
2.439797051261576
2.4451636531557916
2.4409701180615233
2.425553281309903
2.4228405948279716
2.4084970206645266
2.405583289478227
2.4230346263945037
2.4064608779389096
2.395946859124942
2.3832534829321865
2.3863887611107772
2.38042312295202
2.3723864963039887
2.3737719858240505
2.382756059705989
2.3579270352977346
2.36475111727814
2.3562794692814624
2.3455312723588397
2.341534069255372
2.371612005278612
2.3448034953493107
2.3321583214037744
2.327980935522999
2.330131046279303
2.332475943012091
2.3174361632205818
2.3092472364872085
2.3208737842569462
2.3089333664103266
