17494457 2678923
17473890 2699527
17500565 2672782
17497406 2676229
17486905 2686647
17489463 2683909
17505650 2667914
17462436 2710780
17480281 2693004
17489612 2683941
17501218 2672455
17505112 2668562
17483664 2689928
17463485 2709956
17494544 2679096
17511287 2662664
17710413 2465641
17908320 2269698
18047467 2132434
18190757 1990793
18355000 1828077
18440540 1743371
18636352 1549494
18773753 1413098
18873996 1313806
18981398 1207477
19124158 1065658
19181897 1008494
19286559 904730
19376192 815967
19451648 741091
19529645 663557
19595584 597976
19675931 518409
19752912 441824
19771464 423454
19876829 318766
19905801 289982
19970084 226035
19985868 210371
20032868 163465
20059943 136712
20094418 102453
20109309 87624
20137205 59920
20144030 53104
20162493 34738
20173391 23918
20187035 10325
20189935 7453
20190279 7079
20195868 1532
20197414 0
20197432 0
20197449 0
20197407 0
20197425 0
20197427 0
20197435 0
20197438 0
20197433 0
20197455 0
20197443 0
20197462 0
20197435 0
20197403 0
20197444 0
20197452 0
20197445 0
20197437 0
20197470 0
20197450 0
20197466 0
20197465 0
20197426 0
20197476 0
20197452 0
20197463 0
20197475 0
20197471 0
20197457 0
20197454 0
20197464 0
20197458 0
20197471 0
20197476 0
20197468 0
20197459 0
20197447 0
20197468 0
20197483 0
20197469 0
20197475 0
20197427 0
20197446 0
20197490 0
20197466 0
20197506 0
20197484 0
20197494 0
20197476 0
20197475 0
20197466 0
20197494 0
20197462 0
20197490 0
20197484 0
20197492 0
20197506 0
20197512 0
20197514 0
20197483 0
20197493 0
20197501 0
20197507 0
20197485 0
20197510 0
20197489 0
20197509 0
20197500 0
