10024452 1635630
10015213 1644646
10026689 1633260
10017123 1642910
10030786 1629464
10028411 1631749
10027858 1632217
10030207 1630013
10037038 1623110
10038451 1621801
10024011 1636217
10037693 1622642
10019603 1640309
10018824 1641262
10019127 1640985
10055418 1605312
10158438 1504577
10279465 1385890
10357557 1309250
10443249 1225279
10527570 1142527
10591259 1080108
10702422 970567
10782947 891350
10854194 821572
10914731 761683
10987971 689602
11020576 657568
11093368 585653
11155999 524117
11191644 488896
11239011 442152
11295407 386385
11340448 341881
11374735 308049
11394313 288748
11443529 240097
11477257 206765
11509180 175169
11518383 166076
11554247 130568
11575217 109827
11595222 89988
11610333 75037
11629671 55762
11633373 52133
11650353 35412
11662205 23637
11667817 18108
11673938 12040
11676594 9392
11682492 3553
11684836 1252
11685590 504
11685975 127
11686082 0
11686112 0
11686096 0
11686110 0
11686107 0
11686118 0
11686097 0
11686108 0
11686105 0
11686098 0
11686120 0
11686106 0
11686127 0
11686112 0
11686109 0
11686105 0
11686120 0
11686122 0
11686098 0
11686146 0
11686121 0
11686111 0
11686120 0
11686126 0
11686169 0
11686124 0
11686108 0
11686113 0
11686130 0
11686138 0
11686139 0
11686149 0
11686131 0
11686125 0
11686142 0
11686133 0
11686130 0
11686156 0
11686138 0
11686138 0
11686138 0
11686156 0
11686150 0
11686160 0
11686147 0
11686147 0
11686161 0
11686145 0
11686156 0
11686152 0
11686148 0
11686153 0
11686147 0
11686138 0
11686157 0
11686150 0
11686154 0
11686172 0
11686161 0
11686164 0
11686176 0
11686164 0
11686165 0
11686166 0
11686149 0
11686166 0
11686165 0
11686155 0
11686163 0
11686167 0
11686169 0
11686173 0
11686166 0
11686168 0
11686162 0
11686177 0
11686198 0
11686186 0
11686174 0
11686151 0
11686161 0
11686183 0
11686173 0
11686185 0
11686192 0
11686160 0
11686181 0
11686181 0
11686180 0
11686163 0
11686184 0
11686201 0
11686177 0
11686189 0
11686183 0
11686188 0
11686213 0
11686209 0
11686189 0
11686185 0
11686206 0
11686203 0
11686194 0
11686194 0
11686196 0
11686198 0
11686191 0
11686171 0
11686181 0
11686196 0
11686205 0
11686174 0
11686172 0
11686219 0
11686207 0
11686198 0
11686187 0
11686195 0
11686199 0
11686177 0
11686220 0
11686209 0
11686191 0
11686201 0
11686196 0
11686195 0
11686203 0
11686192 0
11686204 0
11686188 0
11686208 0
11686183 0
11686221 0
11686201 0
11686226 0
11686228 0
11686204 0
11686222 0
11686217 0
11686221 0
11686221 0
11686223 0
11686217 0
11686216 0
11686213 0
11686211 0
11686222 0
11686216 0
11686223 0
11686214 0
11686219 0
11686237 0
11686240 0
11686225 0
11686234 0
11686237 0
11686219 0
11686242 0
11686208 0
11686243 0
11686235 0
11686243 0
11686231 0
11686239 0
11686226 0
11686230 0
11686239 0
11686251 0
11686242 0
11686241 0
11686236 0
11686220 0
11686241 0
11686248 0
11686220 0
11686252 0
11686241 0
11686231 0
11686243 0
11686236 0
11686245 0
11686235 0
11686237 0
11686231 0
11686248 0
11686259 0
11686253 0
11686239 0
11686239 0
11686250 0
11686259 0
11686236 0
11686261 0
11686244 0
11686259 0
11686249 0
11686268 0
11686251 0
11686255 0
11686230 0
11686261 0
11686255 0
11686260 0
11686248 0
11686260 0
11686271 0
11686261 0
11686264 0
11686270 0
11686258 0
11686261 0
11686276 0
11686265 0
11686269 0
11686255 0
11686264 0
11686258 0
11686258 0
11686253 0
11686260 0
11686279 0
11686267 0
11686274 0
11686271 0
11686272 0
11686255 0
11686269 0
11686275 0
11686275 0
11686277 0
11686276 0
11686256 0
11686284 0
11686251 0
11686271 0
11686267 0
11686270 0
11686281 0
11686287 0
11686282 0
11686275 0
11686277 0
11686261 0
11686244 0
11686274 0
11686280 0
11686272 0
11686271 0
11686281 0
11686271 0
11686274 0
11686279 0
11686267 0
11686285 0
11686270 0
11686298 0
11686278 0
11686279 0
11686266 0
11686283 0
11686297 0
11686281 0
11686284 0
11686282 0
11686285 0
11686284 0
11686290 0
11686295 0
11686286 0
11686298 0
11686292 0
11686302 0
11686282 0
11686284 0
11686288 0
11686270 0
11686294 0
11686300 0
11686288 0
11686293 0
11686283 0
11686281 0
11686285 0
11686294 0
11686295 0
11686287 0
11686291 0
11686282 0
11686282 0
11686289 0
11686298 0
11686295 0
11686300 0
11686304 0
11686297 0
11686291 0
11686296 0
11686295 0
11686295 0
11686300 0
11686308 0
11686297 0
11686303 0
11686280 0
11686294 0
11686286 0
11686293 0
11686299 0
11686296 0
11686288 0
11686300 0
11686293 0
11686287 0
11686309 0
11686295 0
11686300 0
11686296 0
11686305 0
11686296 0
11686300 0
11686302 0
11686287 0
11686302 0
11686305 0
11686302 0
11686305 0
11686312 0
11686304 0
11686302 0
11686300 0
11686308 0
11686309 0
11686306 0
11686297 0
11686301 0
11686305 0
11686292 0
11686309 0
11686300 0
11686302 0
11686307 0
11686322 0
11686308 0
11686295 0
11686308 0
11686310 0
11686308 0
11686301 0
11686306 0
11686308 0
11686304 0
11686295 0
11686314 0
11686306 0
11686300 0
11686304 0
11686305 0
11686305 0
11686323 0
11686309 0
11686317 0
11686309 0
11686301 0
11686311 0
11686318 0
11686309 0
11686307 0
11686313 0
11686300 0
11686316 0
11686312 0
11686303 0
11686312 0
11686309 0
11686325 0
11686322 0
11686317 0
11686314 0
11686313 0
11686322 0
11686310 0
11686313 0
11686318 0
11686313 0
11686315 0
11686312 0
11686316 0
11686307 0
11686321 0
11686312 0
11686316 0
11686319 0
11686321 0
11686322 0
11686315 0
11686324 0
11686328 0
11686332 0
11686316 0
11686326 0
11686315 0
11686309 0
11686323 0
11686325 0
11686319 0
11686329 0
11686329 0
11686324 0
11686325 0
11686325 0
11686316 0
11686315 0
11686324 0
11686315 0
11686319 0
