20.276145700806364
20.134728172242394
19.641566566033788
19.417684179128603
18.91396960422635
18.86417704323997
18.534338970346184
18.015195010081452
17.83159413591013
17.62704705795253
17.330323159182228
17.213627067798544
16.81709466862352
16.545464302116134
16.482913874806655
16.209174260869894
16.099412427873858
15.861455233087426
15.625513303007976
15.358676775015319
15.223371195792867
15.049357905031684
14.857173414089866
14.540950280412147
14.483364470461128
14.314425846634148
14.174167444014097
13.959778410912477
13.815169617000874
13.588478166661162
13.379519797618023
13.279815902946613
13.109192766627425
13.034236389796824
12.820245198021524
12.75591145765921
12.600761259361507
12.508340023578016
12.421277078816189
12.198466294765444
12.135101734647918
12.030142080049787
11.815230948070871
11.826576127423905
11.65925231360025
11.508856626504276
11.48719469835886
11.302842680535068
11.235351845449348
11.149309344028143
11.065793646795896
10.888895940750317
10.843165185146736
10.719795830841544
10.672518335076063
10.504228231373363
10.48749570445053
10.400035901433078
10.28410478725923
10.21825757864844
10.084685655240857
10.008549029423591
9.88140723034551
9.886572296402782
9.746335468714111
9.679562294071857
9.645007723945591
9.605413782020387
9.487336910220105
9.39139890780817
9.329436072853742
9.307343035687836
9.198644121097614
9.11071348142713
9.066623141232029
9.038830560316981
8.920853671921304
8.831437503755557
8.803907563954853
8.734368482440603
8.655905298591428
8.617024375602155
8.52062704728185
8.492029647538498
8.373545717430837
8.296852783273199
8.26304254104085
8.265357563348779
8.250160232153767
8.124453650971926
8.147133400276802
8.062742651923077
7.972655072208031
7.955950504169941
7.951884346032006
7.858984904956608
7.826243869811106
7.7642135650047015
7.6971169920394455
7.647231706141451
7.538369497361352
7.512532047380533
7.439962430368484
7.4126925223973785
7.441816498821777
7.374207429159615
7.2919096584294945
7.243630449265379
7.212841241004503
7.162060968815775
7.112897755258865
7.139740364072131
7.037825002335824
6.997668621710136
6.990446830991607
6.912704471193292
6.899793880119187
6.840514577327781
6.809463511643717
6.803032471094602
6.744926417928522
6.672305732649704
6.654238183157083
6.656711647107185
6.579096592567192
6.606095508959898
6.551996411529194
6.5235415093010305
6.456923977847365
6.4292794665399065
6.372071665793771
6.390566463838304
6.3504456350210425
6.2870248953956
6.293437329399705
6.2526395670673764
6.208073209440027
6.192250237274688
6.166470139196315
6.0718583770652
6.097515164077777
6.042789115679043
6.016708557879554
5.985362140232678
5.919109598644257
5.957257943171385
5.8466755817660125
5.914816647680913
5.819159959434774
5.791570618218236
5.823496173175852
5.750666315016845
5.733283143093704
5.67658591610998
5.683752817877258
5.653146264161332
5.595363639832385
5.583725273114351
5.558505304156813
5.54330440151849
5.52130795087197
5.472178596023632
5.440220068677059
5.43060921230267
5.407245080639768
5.421288676141944
5.3841106917626185
5.3416082380637135
5.316172566243518
5.2921081049329946
5.257270417908158
5.265542152347029
5.219498080474568
5.199652875325175
5.1870346583872875
5.166416521673582
5.150236936833466
5.117481476447938
5.10214400754392
5.106094909458747
5.083773338524736
5.0719275123825085
5.04877123946369
5.01869775717093
4.96938084523118
4.9743709828940545
4.918305123892351
4.920533579911928
4.905496743033882
4.870470850168486
4.868145868783119
4.837089098287947
4.81293255604885
4.810252886141789
4.778301418435873
4.778621185532188
4.726674830833799
4.751093667479813
4.738070377046807
4.699882753343431
4.698875513232924
4.653900829629138
4.640377856601872
4.652091303347076
4.608292848451095
4.580544724022683
4.592950814071978
4.567151218717006
4.537183556111318
4.560075239881671
4.528429717192248
4.48716583821053
4.441584733361874
4.410327411578928
4.416377339170561
4.36582844394351
4.36492646099327
4.393116881314768
4.391192942038224
4.3182421418251575
4.339821471737841
4.301211334171951
4.28175412683139
4.291501290926931
4.290850160487062
4.266560393244463
4.228490337043613
4.243275525806321
4.2018420606228055
4.205797526552442
4.1882307300314325
4.157341344217275
4.166952081005075
4.178868087872633
4.114792309357988
4.132866052620036
4.117931797028409
4.101078543878094
4.077656861843921
4.069042789425257
4.056840838304366
4.04366786195669
4.014091990487072
4.029777965359756
3.998809878412112
3.9887478941072914
3.9875344366513468
3.955798079020883
3.928562898843411
3.9474530343994276
3.9059746838315688
3.9383927856785137
3.897779908613086
3.939477406938231
3.918824050068533
3.8803559681251727
3.872341748443205
3.8573135995877985
3.8265946888008444
3.863289003662799
3.7993457882725123
3.806184924660984
3.777087828734484
3.7958999719521582
3.7663762699324432
3.751613446390029
3.7389644665412787
3.727175752780031
3.726834771449321
3.722804641503135
3.704463958067902
3.708117597451337
3.6474601136617366
3.6697078537686707
3.650309631861999
3.6430261126962704
3.6595636178642916
3.6295607374918744
3.5789474716579797
3.623342733626373
3.609352225790908
3.582129840477478
3.5554260261565513
3.5644253473407845
3.5500093613997024
3.5487089259540543
3.5206720476626465
3.497670285967342
3.5003809120998675
3.481082057186818
3.503115204339388
3.4821483007081158
3.487445592578433
3.458736632598575
3.441946890447009
3.4529569778938276
3.414576847948654
3.4278114408878197
3.363803448838157
3.3469601054785496
3.3708816161744837
3.3416027235533554
3.3603987753867974
3.3604190760182404
3.314503983704174
3.3271913513238704
3.3171517524212506
3.2947374634273228
3.289139611523856
3.276154158209442
3.2632058628878893
3.266162226501401
3.2530588733595596
3.2419212226206584
3.241791228961722
3.2173803340543143
3.205051739390779
3.211813179134558
3.2188280427344713
3.2146198102698307
3.1885999292725953
3.196382531324989
3.17868059059927
3.1709122217918733
3.160446838081423
3.160437558068679
3.1641307270592276
3.142703770679291
3.1375618748475063
3.131867715401506
3.108949185654501
3.095241543719726
3.08279799443593
3.095621506583791
3.099612487547067
3.1051964795253912
3.071241928958855
3.0590954123064424
3.05157500437339
3.055287525810634
3.0436683770925583
3.0512805150131044
3.0485093033167594
3.02229360218817
3.0200675465749782
3.0307907088891626
3.008397740732173
3.0021185467109057
2.990959121944952
2.99538234727499
2.9792622648627
2.956339867599754
2.967510209545799
2.947515349499172
2.9464150043342854
2.93662174891178
2.942216404149392
2.9285205003694412
2.9374587484125456
2.929814296556999
2.929774889979633
2.9102143877116213
2.8962863146067774
2.8948257322674453
2.87980466047961
2.8789237491285213
2.88721090831576
2.8716302161650584
2.8516589151598875
2.8526618424837578
2.847947064738391
2.8380565688761585
2.8340310451131243
2.8454093823091577
2.8205741407929645
2.8108599952667737
2.8174432473626165
2.825522233482377
2.8275517586731347
2.791482652377044
2.786313441047769
2.773148635294465
2.767001941961703
2.7492861079598607
2.7529209828483316
2.7570405938315616
2.7345290676006995
2.7628625321631333
2.735308929389735
2.752961120540724
2.716518723263077
2.7241952646630354
2.697004058366592
2.6869449486196664
2.716185824230533
2.711766627217198
2.683059735438478
2.6897017447459026
2.673918054626861
2.6640965201829205
2.656891187160909
2.6676014489923023
2.6635668565555535
2.636173974079102
2.659303096587255
2.572016595712148
2.5948424712784983
2.633136370840009
2.6039932526601843
2.597633016589041
2.587223312076685
2.562242460623138
2.568993337074687
2.592985751185279
2.5458924105647727
2.59089623947094
2.5518413098590234
2.5405908785271776
2.5306806013722007
2.5273966612228196
2.494379225239916
2.5335615675203056
2.520679055865571
2.5048671352802874
2.492881754997916
2.4829228422650704
2.490192917545155
2.481669170486202
2.488319549152093
2.4781469965151226
2.466873561474338
2.45695458668448
2.4669798552101496
2.4467750936284345
2.469647030319984
2.4501257956785096
2.459539979434262
2.4205027200257065
2.43313948055129
2.435724943408468
