22.51390230198705
22.179590345417495
22.020047366521702
21.434701340446406
21.03226098788556
20.75295292118734
20.52901289722243
20.25092173818398
19.740648765471157
19.548769029255915
19.210752770464584
19.009479125997704
18.66642457756055
18.51886957256971
18.30373938604646
18.051788282693337
17.767246632580456
17.593691579223986
17.34918991257979
17.176857030991574
16.958141422329966
16.728891011475877
16.465017447622632
16.382984838113124
15.996694737709946
15.887928944636132
15.657816840858327
15.559554269719206
15.291357022332386
15.197665935475916
14.93597374913486
14.830020905275488
14.632137402334326
14.401432192126931
14.347994334797296
14.069547207113905
14.057758281177827
13.88777065200252
13.70371601736208
13.656613119052317
13.4097100308068
13.426903138603212
13.251644088472476
13.104289500788553
12.932460425579075
12.815442827756506
12.800700791815215
12.693577081966954
12.496508927582408
12.370738891902151
12.330985968116323
12.156501355985586
12.049396271440992
11.951980363822514
11.911599650593944
11.806922660932992
11.647383763795721
11.580133192772434
11.407841460824146
11.398630317995085
11.317538461116248
11.161880359779296
11.05038052913137
10.979855347169243
10.878197284906141
10.78032648238426
10.755994310989058
10.640235338298373
10.536437546571051
10.442011934661796
10.328423992247467
10.215883327854645
10.176401649534068
10.121743323937899
10.074536254612621
9.930032869108315
9.958368823405854
9.827992190407153
9.809279764639518
9.672088609386787
9.643244486507433
9.540983877686724
9.4633894848454
9.402679211948225
9.412604234411537
9.314121228631386
9.233393476262135
9.210804328905624
9.1003603359718
9.055001369585053
8.932747206583226
8.981497893241887
8.845595190584355
8.784102288759877
8.729814129376427
8.716818009351528
8.615745882560685
8.60087684230588
8.57049994770282
8.498037362494621
8.452252034606763
8.3558510894464
8.323879271929481
8.262298777711681
8.225787061130996
8.225059029455688
8.151472896207181
8.103756241766364
8.039660790013276
7.967667185271621
7.9932237436601286
7.8893750320804905
7.849494045226175
7.794846125290421
7.732380855638576
7.720652095333557
7.646682212179305
7.54679436874957
7.524477468822279
7.50104599399916
7.511968026562863
7.447190732482068
7.392207006191147
7.363195197576702
7.347193910934373
7.266519937735629
7.240831430512344
7.198579319168366
7.211716656351773
7.183561347355457
7.126924852978846
7.096830455472671
7.025783706971009
6.960057639492165
6.947692770552214
6.942063146765838
6.92407855779444
6.873598060585982
6.83918673507112
6.777224444728045
6.735655552759853
6.746067667579961
6.734919341703566
6.687138681927399
6.639858418058957
6.630727987067778
6.590851107699855
6.540456938652396
6.558379116043873
6.491330383252827
6.470373541469553
6.387806544192163
6.3611649742976715
6.367885458882597
6.288298898798187
6.332434164368278
6.299914668762187
6.206209007912429
6.19097918614694
6.182726788117652
6.162712838045183
6.134034250867767
6.112578765288931
6.058105339338203
6.059386136678631
6.017643303124714
5.958136982052661
5.963625370392702
5.9179271872677965
5.9134334345119015
5.910225126736604
5.890006504691291
5.8382232891103065
5.808662641773408
5.7421497564141735
5.762520278060128
5.69926245202294
5.669660936603137
5.659071377675664
5.630967804943202
5.624520353366792
5.5781132301876095
5.55784154622542
5.540070938508922
5.536466842377388
5.500564739983142
5.532733696593386
5.460963279662667
5.426654062839812
5.378867532995287
5.370772251461695
5.400743931151337
5.3670620411932095
5.331730320703537
5.312250926663028
5.289444986015928
5.316776793642509
5.266639417914471
5.222923329115538
5.194981405437284
5.181524145215008
5.202288254257419
5.166141055614673
5.130713354352708
5.118987223835188
5.102247604740305
5.105579416416822
5.063308263029171
5.03758093786475
5.040073314225333
5.028385544018942
4.971047516691733
4.967359130910763
4.971849884242784
4.928215939269325
4.901877676963741
4.916619473722244
4.885207160972495
4.90174127173198
4.858903375823174
4.8139587345101695
4.842046411871651
4.813370850088486
4.786746908873511
4.809910036052911
4.735416583423005
4.72326851577493
4.736103973075992
4.718227669488033
4.671933248579501
4.672622265088476
4.635946044245577
4.674052701921017
4.63770796748068
4.623465399284851
4.6057312705175715
4.570674604523129
4.566043196760356
4.559359339517318
4.5336600345804845
4.494121747267752
4.482504356623122
4.536690068203971
4.4465090485305545
4.48472558336312
4.456152763628288
4.4144027350429225
4.401643066193137
4.36475894843793
4.344571913400591
4.363318735710616
4.338620029821204
4.345123317580992
4.323324094535213
4.298089191365407
4.275867138784769
4.274908667393056
4.274803708044237
4.226166962324507
4.231166091666828
4.231165173366576
4.207673262945991
4.2119556889130765
4.172835056420249
4.165076230001919
4.145202284237305
4.157795831682426
4.109677189158907
4.10907300878245
4.10654525395825
4.079343652718694
4.08336139784888
4.068545412781003
4.054956849520559
4.053240780625449
4.037191350371057
4.030203409498418
3.9861557268787213
3.972949698271559
4.0078844462770755
3.9968501120653035
3.971212587428156
3.9742346940538913
3.9349240895578284
3.927546411876733
3.952710769497319
3.9326388670917938
3.9045091271091223
3.899877708053391
3.859968406441817
3.876376841835236
3.874682416165215
3.8557225537841306
3.84118964331125
3.853864655305456
3.8386684426907003
3.8337176736365493
3.7898753162790397
3.807694500968655
3.7708892512081547
3.797843904113224
3.7694485325130653
3.7840501803233564
3.727987784799484
3.7045448680046276
3.721343666131597
3.7245347144737755
3.7054279290391037
3.7117771236775297
3.6587543984593958
3.686566513196226
3.674188647313131
3.639760833033995
3.649373889263052
3.6115653814807684
3.614103005992947
3.6081010054485207
3.6046426626857553
3.573315351777592
3.6106363825727383
3.596598603257562
3.5590344637181968
3.5708254407548816
3.534123459398111
3.5561060088411978
3.5506016109243728
3.536137208557525
3.485342401298142
3.47450602287571
3.4909051337813137
3.5026759659140723
3.444599044335337
3.4679914661394515
3.4887940369674473
3.451671848389469
3.421177269169539
3.390163475609006
3.4152055502234155
3.3871594319116367
3.385413703049421
3.3471467781511137
3.3393329221953447
3.3406116391563865
3.328292291275352
3.3127174402658284
3.319956031973652
3.2965488838399732
3.2987334043225927
3.322338113125761
3.255551352694053
3.2875064414615736
3.2754650177629014
3.2707426397623705
3.256685354749288
3.252324894877329
3.247367930876758
3.2482709495701103
3.249288436177424
3.227198298059873
3.2287474244354573
3.207498093038771
3.218483599346482
3.2003040713184236
3.189078574237003
3.198575383889943
3.1700525857584854
3.153228948802234
3.16103225461037
3.1605257906844693
3.164647094174459
3.139360798681071
3.1492563970139806
3.1454277488903584
3.1076526361695507
3.1254187732969605
3.120982826120585
3.1171344333973368
3.1094946973406583
3.1076721968327092
3.0772114274897735
3.057429838313021
3.080063624189613
3.069949488789116
3.0619986100497956
3.052039046529285
3.040904164942349
3.038172199639794
3.038289890613878
3.020710290790257
3.0342329938323562
3.010150375618216
3.0135927352218914
2.996462964481589
2.9832975649081344
2.994765104105591
2.9826336943952265
2.9808162518340717
2.9659427571290484
2.964308766598597
2.9557531560814256
2.953253293100045
2.950948249405326
2.922679478204632
2.913544766056359
2.9405452680640565
2.919650960100478
2.9282493481839764
2.911619415786231
2.8934008704397027
2.9019156617560338
2.9128931781763003
2.8984918267711803
2.8875484619304417
2.8749657803468858
2.887936396745345
2.8579268633965285
2.8558625765456758
2.846773185196141
2.848365986934364
2.846167206577036
2.8209847022697203
2.8086759897778575
2.844357892483217
2.837317574319286
2.821551018300261
2.7906568399768483
2.7924661401228605
2.7795030930162468
2.8149680688649505
2.789859305231471
2.7886287816405275
2.778238766553147
2.7794826668808152
2.7657916158090528
2.740514724848913
2.7521575286872166
2.7502388753338893
2.740031275619585
2.7537327353972065
2.7368335081348505
