19149472 3490884
19143224 3497131
19113423 3526514
19144611 3495690
19135568 3504578
19149893 3490336
19161838 3478526
19147870 3492711
19144907 3495326
19164696 3476087
19136350 3503743
19164631 3475780
19140332 3500101
19142918 3497497
19129551 3510630
19188100 3452841
19395824 3247636
19625384 3020558
19780626 2866751
19953428 2695892
20150626 2500989
20277670 2375254
20470556 2184080
20636334 2020088
20787222 1870333
20868717 1789750
21017497 1641914
21153094 1507567
21262979 1398474
21376507 1285894
21478344 1184866
21601108 1063049
21663632 1001029
21784402 880996
21885890 780196
21898423 767875
22032051 635064
22090328 577184
22165211 502670
22195125 472893
22264598 403921
22305867 362801
22368058 301012
22413365 255938
22462767 206802
22479396 190288
22523117 146813
22540359 129643
22574941 95139
22597094 73154
22607463 62748
22618007 52367
22642609 27875
22647096 23406
22656162 14370
22663158 7429
22667442 3152
22669632 975
22670626 0
22670624 0
22670640 0
22670621 0
22670616 0
22670631 0
22670632 0
22670663 0
22670626 0
22670626 0
22670631 0
22670656 0
22670616 0
22670665 0
22670655 0
22670625 0
22670648 0
22670643 0
22670643 0
22670659 0
22670656 0
22670634 0
22670633 0
22670671 0
22670642 0
22670653 0
22670639 0
22670686 0
22670674 0
22670674 0
22670671 0
22670646 0
22670668 0
22670673 0
22670665 0
22670668 0
22670639 0
22670662 0
22670667 0
22670680 0
22670650 0
22670677 0
22670656 0
22670662 0
22670666 0
22670666 0
22670672 0
22670673 0
22670690 0
22670701 0
22670679 0
22670672 0
22670655 0
22670698 0
22670683 0
22670688 0
22670668 0
22670693 0
22670689 0
22670676 0
22670694 0
22670687 0
