32062 30279
31938 30148
31928 30093
32020 30242
31877 30196
31770 30072
31998 30234
32001 30325
31888 30204
31887 30149
32095 30333
31792 30126
31744 30022
32038 30266
31964 30210
31612 29885
28969 27319
25620 24239
24177 22813
22185 20926
20569 19230
18768 17521
16494 15433
15213 14178
13954 12830
13024 11972
11697 10754
11002 9990
9862 8900
9077 8009
8372 7272
7466 6473
7044 6030
6158 5143
5457 4458
5322 4294
4635 3531
4207 3093
3855 2771
3685 2542
3103 2056
2821 1757
2609 1514
2372 1275
2116 955
1955 900
1804 688
1606 524
1534 423
1410 334
1309 306
1257 191
1205 147
1130 86
1129 61
985 25
1082 13
1072 8
955 0
1066 0
1026 0
1067 0
1007 0
955 0
967 0
1011 0
983 0
944 0
986 0
879 0
1004 0
892 0
998 0
954 0
883 0
933 0
1004 0
904 0
1117 0
861 0
1057 0
935 0
947 0
1011 0
947 0
944 0
867 0
886 0
871 0
943 0
966 0
863 0
931 0
1017 0
956 0
875 0
890 0
875 0
916 0
907 0
848 0
928 0
905 0
975 0
954 0
861 0
878 0
968 0
887 0
872 0
829 0
881 0
904 0
981 0
861 0
910 0
830 0
947 0
830 0
742 0
901 0
764 0
942 0
822 0
966 0
795 0
803 0
839 0
776 0
795 0
859 0
779 0
739 0
764 0
789 0
835 0
856 0
802 0
787 0
799 0
800 0
838 0
811 0
821 0
828 0
861 0
746 0
745 0
742 0
742 0
772 0
735 0
796 0
760 0
715 0
682 0
805 0
742 0
731 0
720 0
758 0
732 0
701 0
735 0
744 0
718 0
708 0
683 0
753 0
785 0
763 0
753 0
730 0
687 0
749 0
734 0
674 0
700 0
723 0
728 0
678 0
736 0
689 0
684 0
720 0
656 0
704 0
674 0
682 0
703 0
690 0
663 0
725 0
663 0
678 0
672 0
674 0
671 0
651 0
687 0
678 0
635 0
656 0
644 0
635 0
651 0
661 0
643 0
645 0
654 0
615 0
645 0
615 0
655 0
600 0
601 0
626 0
618 0
601 0
611 0
612 0
610 0
582 0
576 0
601 0
616 0
598 0
597 0
584 0
594 0
613 0
585 0
612 0
564 0
586 0
581 0
593 0
597 0
573 0
607 0
564 0
578 0
608 0
568 0
576 0
574 0
565 0
579 0
569 0
583 0
572 0
569 0
569 0
575 0
570 0
552 0
562 0
571 0
562 0
552 0
575 0
567 0
554 0
566 0
549 0
560 0
555 0
552 0
550 0
562 0
565 0
556 0
548 0
551 0
529 0
533 0
556 0
541 0
538 0
552 0
541 0
537 0
537 0
546 0
527 0
530 0
520 0
530 0
545 0
530 0
527 0
522 0
520 0
538 0
518 0
523 0
523 0
520 0
531 0
514 0
519 0
522 0
523 0
527 0
511 0
503 0
514 0
508 0
512 0
519 0
517 0
509 0
510 0
501 0
506 0
514 0
507 0
502 0
503 0
488 0
496 0
510 0
513 0
494 0
499 0
498 0
512 0
495 0
502 0
508 0
502 0
490 0
504 0
502 0
511 0
496 0
496 0
502 0
492 0
502 0
490 0
494 0
490 0
493 0
498 0
496 0
486 0
493 0
491 0
490 0
482 0
481 0
481 0
488 0
484 0
491 0
494 0
484 0
481 0
475 0
479 0
485 0
492 0
477 0
478 0
466 0
487 0
468 0
472 0
472 0
482 0
479 0
476 0
461 0
471 0
478 0
467 0
467 0
464 0
471 0
474 0
468 0
475 0
456 0
466 0
469 0
469 0
459 0
471 0
462 0
457 0
445 0
466 0
462 0
463 0
461 0
455 0
456 0
453 0
458 0
459 0
449 0
458 0
449 0
451 0
449 0
453 0
456 0
456 0
465 0
444 0
459 0
454 0
442 0
456 0
452 0
446 0
449 0
448 0
441 0
442 0
437 0
451 0
452 0
449 0
440 0
451 0
441 0
446 0
444 0
441 0
443 0
442 0
445 0
442 0
446 0
434 0
446 0
455 0
445 0
440 0
442 0
436 0
431 0
443 0
429 0
437 0
440 0
441 0
426 0
436 0
438 0
428 0
439 0
436 0
426 0
427 0
435 0
425 0
430 0
435 0
437 0
426 0
438 0
424 0
429 0
437 0
427 0
433 0
435 0
