23.12563104813495
22.778892804648613
22.34632040397053
22.009274456109537
21.801343002846053
21.427720478284414
21.034049762882546
20.66067149662335
20.298566363055382
20.015190476625147
19.783822800275413
19.51581724430714
19.097340700998775
18.972449199504666
18.841845750811423
18.497799419881147
18.370878221897147
18.034661674149298
17.93432386474902
17.527680910156555
17.279402775771796
17.10016304807468
16.937097163566243
16.709481093703506
16.422987781270248
16.27699312937747
16.17342811350087
15.970826117113187
15.693491847123607
15.469520901936521
15.33813412039456
15.250097995073002
15.069428851277326
14.862650252109589
14.708397107830898
14.644460849234681
14.382537714524943
14.269011447401216
14.107831912513685
13.962304755936835
13.724913770726179
13.788857506159577
13.617349641842779
13.37846310488776
13.39506627762962
13.112101550848497
13.068297926307638
12.960907857492831
12.772815721702965
12.703773244053123
12.518464174949129
12.437294731359088
12.416706214938904
12.271076275099745
12.124813421483028
12.011030883754984
11.863663030443611
11.823975136551415
11.734022679950021
11.59877491530442
11.543952338388612
11.469621522313203
11.355211080373929
11.269642701998555
11.186459960529277
11.036464556017691
10.945465371738056
10.90273728489975
10.770495068106316
10.703124576215085
10.658919207369554
10.638376452005787
10.555498287708254
10.351863470133548
10.37634538085982
10.315038122601207
10.171399806759673
10.08135555726969
10.052603348465054
9.958055402383742
9.917908508055149
9.838046334631581
9.721740493767038
9.667974023412444
9.636919563341303
9.54973802293359
9.47626559327423
9.40755998667613
9.373962579570476
9.264737144312312
9.195821318431602
9.179034292201232
9.085813157462926
9.07042104321371
9.020634018702875
8.936467296785121
8.852758559770106
8.79787361317075
8.746261055988919
8.671644681185626
8.662817555234987
8.552338262603353
8.573436364598502
8.534169828371414
8.40258979020723
8.349357041847576
8.360063587891275
8.319136002111804
8.238442796668416
8.164305126804141
8.113872469586358
8.102048239170632
8.046309814868074
7.984242533726997
7.946456492898622
7.968288543206049
7.824677951466442
7.801000453803935
7.787172484596898
7.74185130338552
7.678532450532189
7.66286445015634
7.610145348627366
7.547246977776615
7.5072820669255655
7.487046185536726
7.489972402628746
7.371349344678397
7.349266550673008
7.31109667045109
7.27408564539112
7.236128409730872
7.23450436733946
7.176609109821161
7.14880412030514
7.09084423695678
7.0629825204674255
6.981108850495275
6.982031376832552
6.951914031892061
6.943809432386688
6.8908969943492595
6.854484410417131
6.827418933019214
6.7928303504580025
6.783058903028007
6.722388364906185
6.6874478641406085
6.670413638378095
6.5901626795479915
6.574308612908535
6.590655890318544
6.545075830670284
6.503550457465553
6.464941774660681
6.482924220467785
6.389927290802498
6.370315164661363
6.347678476940127
6.327903766772526
6.30002801657977
6.279639882781769
6.28989476058608
6.212647663784059
6.164068238381856
6.184910397158967
6.131412234349609
6.113149567263958
6.093410550770875
6.096335491357963
6.036700934256968
5.982778829395306
5.983104996281691
5.9442811607170825
5.902346156088534
5.872818453689742
5.884822502834766
5.89202171461659
5.822198337275467
5.76152846382559
5.759664727134632
5.733106801194207
5.695650912886631
5.70843943422763
5.69086314803786
5.641429080196504
5.63185599400178
5.6474875657165855
5.590701514082064
5.543568684126703
5.527471440430027
5.523676582979506
5.481420223466785
5.462759162710113
5.47876116233876
5.390710694001996
5.413316149838965
5.385371269017316
5.350457463997746
5.374880673503117
5.31396267977354
5.30332888184382
5.301029260225107
5.2571937971042555
5.225297026330748
5.222822506515316
5.23595717352865
5.211119698167413
5.157383243642698
5.1520659880400945
5.144825047515655
5.107569697296981
5.066814307934703
5.111689551675537
5.0900096178974765
5.082920813782703
5.045068449125015
5.016340122399115
4.984575179276225
4.976705181500913
4.963294484612788
4.95820240568778
4.959985007019941
4.895965268517193
4.9050003691452435
4.914074650635548
4.863460510082541
4.870055259892151
4.834316083375211
4.823354776371252
4.830747132211964
4.811887285347768
4.770282529467226
4.738099074120321
4.7210064087653105
4.71975751117036
4.692184037648994
4.655667935063969
4.6617500428335825
4.676673110548167
4.618205141185326
4.638856171576381
4.593478665632475
4.625457838733627
4.567692849934776
4.532538882242952
4.534216166301612
4.517985230856061
4.521819110576907
4.525165108171746
4.466235691160964
4.485488017227612
4.471452077794538
4.40154734268755
4.428555014840349
4.396281277494927
4.360996321964437
4.353016357756815
4.352081078713345
4.331661426366216
4.311270949378195
4.307851797335186
4.287360833077791
4.294222121214443
4.262851531470824
4.246037834915009
4.243737131521453
4.211185569708482
4.196608133147427
4.181865797830576
4.192457318666197
4.16650726776792
4.165926988993542
4.139297927617749
4.129381929957107
4.126168878059877
4.093443709552622
4.105922586860629
4.090681126617037
4.081874537257424
4.053606826528176
4.038437960835038
4.051747926141655
4.020170877006761
4.023813857144096
4.035555183080987
4.004609202994102
4.01458632415306
3.996650148688734
3.9908905796142746
3.9685946020454415
3.9787829487889304
3.9455739782056662
3.922781001993776
3.9588039155613295
3.9175767211488504
3.9196796611741207
3.887988612727754
3.8829494231774557
3.8670135806270602
3.878336901758439
3.842615416024591
3.8247558386438323
3.8279355659436325
3.8139089954915812
3.8239638350412974
3.792047969476857
3.780283976032188
3.7885946160386084
3.7973288055982266
3.7708025889530816
3.771136473972579
3.72121206470576
3.7303669368994408
3.7065110626964834
3.7144406433334645
3.686151349482823
3.6968234661364114
3.690495833366503
3.665610211068324
3.656152124361606
3.625905925710524
3.6629318372535753
3.638664484376279
3.60129621751028
3.644931705666795
3.638542214739946
3.5810882845801073
3.590865882345952
3.5971771178597147
3.589137508069464
3.5497774604154255
3.55566487602327
3.561417092043098
3.517400564357008
3.5268221357712193
3.466829348975955
3.516530148445247
3.5086538534679494
3.502177982050341
3.4936711147017014
3.4926737040571196
3.451680543749153
3.469863585567068
3.450788296614892
3.423753094058475
3.3931380213530975
3.4239400341079635
3.444134411543928
3.3901721743749342
3.384320482943274
3.358965198517817
3.403037982830206
3.3521054488872983
3.3325797926268206
3.31278581500811
3.301389846990887
3.3186190032963077
3.3105131942964183
3.3102017976227804
3.2972406818382662
3.2523684603544165
3.2636876060139595
3.2698883623877872
3.252876417265793
3.259160759808169
3.235480237045317
3.2267564611137303
3.2090573606595854
3.2251705352650992
3.212390788703078
3.1987589583277782
3.2115241423826046
3.200821153928118
3.1812601752628096
3.1897364488497075
3.1724590536381583
3.169789780295128
3.1531154726950263
3.178892464340106
3.162125684331136
3.138464365937689
3.1217433808098027
3.126939538558636
3.145152632288
3.1022454927938496
3.1047056212170925
3.1044788859755954
3.0842348791440783
3.0921812744264114
3.090253771124651
3.0769340073557077
3.072098808056512
3.068945468054126
3.0381466298608393
3.044405354806413
3.0616909505629564
3.0510982281373686
3.0484525077141758
3.0230876785125247
3.028684025058765
3.0105335540260625
3.0054547127942213
2.9855190566650025
2.9856754513454917
2.990325832719682
3.001967796676581
2.9795803169668806
2.9776839871712855
2.9575568364142715
2.9720846049755094
2.967821160031222
2.9310701645078505
2.9536721866308335
2.91749846577316
2.9248865376671347
2.910223443900577
2.913091223325464
2.920248106538884
2.908381673290733
2.904201165256718
2.8892159853079966
2.8864528895296053
2.877205797873362
2.8612308380780043
2.8685839402520648
2.8564385928932574
2.8619108928770265
2.860612802628559
2.8604736861007947
2.8494220188676875
2.8514685545667704
2.8388896234192202
2.818381111293684
2.823906978673108
2.818040594275453
2.8198296264745295
2.814385158011271
2.812498046467333
2.822803727141302
