33465 31583
33165 31278
33217 31266
33316 31455
33168 31257
32723 31000
32931 31112
33039 31146
33164 31359
33094 31155
32960 31157
33195 31344
33104 31278
33052 31212
33397 31558
32625 30880
29975 28341
27002 25547
25113 23774
23158 21794
20688 19540
19685 18669
17385 16210
15963 14820
14737 13551
13533 12547
12393 11286
11459 10468
10492 9410
9399 8424
8861 7719
7853 6785
7323 6238
6579 5470
6026 4948
5913 4746
4859 3798
4525 3380
4035 2989
3865 2803
3480 2355
3114 2035
2839 1727
2561 1420
2334 1179
2171 1030
1834 799
1791 670
1628 509
1534 419
1495 366
1286 261
1242 162
1235 128
1136 72
1124 50
1145 30
1060 22
983 6
882 1
951 0
1017 0
1001 0
889 0
902 0
1022 0
923 0
896 0
993 0
984 0
1017 0
913 0
890 0
1054 0
1021 0
936 0
929 0
1036 0
890 0
929 0
923 0
1020 0
1052 0
1000 0
963 0
928 0
921 0
891 0
980 0
879 0
960 0
857 0
974 0
781 0
915 0
938 0
851 0
940 0
904 0
898 0
968 0
810 0
925 0
852 0
881 0
841 0
926 0
817 0
891 0
893 0
992 0
899 0
791 0
976 0
955 0
1058 0
878 0
927 0
853 0
857 0
876 0
773 0
890 0
801 0
818 0
805 0
831 0
880 0
754 0
788 0
857 0
820 0
797 0
801 0
746 0
826 0
846 0
702 0
763 0
762 0
874 0
897 0
793 0
941 0
750 0
743 0
796 0
726 0
765 0
804 0
734 0
791 0
826 0
770 0
798 0
755 0
789 0
709 0
729 0
805 0
788 0
713 0
738 0
693 0
714 0
780 0
715 0
791 0
699 0
786 0
702 0
752 0
732 0
746 0
665 0
722 0
703 0
752 0
750 0
708 0
700 0
765 0
672 0
664 0
691 0
659 0
670 0
664 0
678 0
733 0
673 0
708 0
713 0
650 0
667 0
634 0
640 0
665 0
683 0
648 0
672 0
671 0
654 0
662 0
651 0
660 0
646 0
635 0
654 0
659 0
659 0
615 0
627 0
609 0
608 0
601 0
658 0
634 0
656 0
615 0
644 0
606 0
636 0
632 0
590 0
615 0
585 0
625 0
606 0
588 0
609 0
591 0
597 0
587 0
584 0
594 0
573 0
606 0
590 0
578 0
585 0
573 0
579 0
579 0
555 0
583 0
590 0
608 0
566 0
562 0
570 0
591 0
578 0
581 0
580 0
562 0
560 0
566 0
595 0
586 0
561 0
569 0
579 0
572 0
573 0
561 0
557 0
580 0
550 0
546 0
568 0
569 0
551 0
557 0
550 0
537 0
542 0
560 0
558 0
552 0
555 0
560 0
542 0
526 0
553 0
547 0
542 0
544 0
548 0
534 0
531 0
526 0
524 0
545 0
524 0
529 0
531 0
514 0
525 0
516 0
536 0
520 0
525 0
525 0
519 0
514 0
526 0
519 0
518 0
527 0
533 0
509 0
508 0
510 0
518 0
507 0
496 0
505 0
515 0
507 0
502 0
508 0
518 0
505 0
508 0
504 0
516 0
508 0
502 0
522 0
512 0
501 0
509 0
498 0
501 0
501 0
508 0
506 0
491 0
508 0
508 0
493 0
496 0
496 0
495 0
491 0
502 0
488 0
494 0
492 0
488 0
498 0
490 0
487 0
497 0
490 0
489 0
474 0
486 0
490 0
485 0
478 0
483 0
474 0
483 0
488 0
478 0
482 0
492 0
473 0
495 0
478 0
477 0
483 0
479 0
481 0
474 0
473 0
473 0
477 0
476 0
470 0
474 0
471 0
465 0
475 0
466 0
465 0
459 0
468 0
472 0
476 0
462 0
455 0
467 0
457 0
460 0
455 0
459 0
468 0
471 0
455 0
454 0
456 0
458 0
465 0
459 0
460 0
462 0
457 0
464 0
446 0
441 0
464 0
449 0
454 0
448 0
446 0
458 0
453 0
448 0
450 0
447 0
453 0
444 0
446 0
451 0
447 0
450 0
440 0
445 0
444 0
447 0
438 0
444 0
445 0
443 0
449 0
438 0
445 0
440 0
444 0
439 0
444 0
436 0
437 0
441 0
433 0
437 0
450 0
440 0
439 0
443 0
444 0
443 0
437 0
435 0
443 0
452 0
440 0
434 0
431 0
435 0
432 0
436 0
441 0
433 0
428 0
432 0
436 0
