19956890 3916736
19902763 3970345
19963728 3909981
19943744 3930030
19964129 3909427
19927774 3945639
19951723 3921875
19930365 3943272
19936836 3936799
19906544 3966586
19973302 3900155
19928174 3945176
19984022 3889966
19947694 3925744
19960132 3913472
19991693 3882657
20169154 3707390
20481776 3398166
20626473 3255206
20824223 3059406
21016202 2869547
21200069 2687327
21399015 2490097
21521248 2369247
21730589 2161820
21804603 2088434
21988876 1905794
22099626 1796088
22245927 1651013
22382113 1515692
22460234 1438268
22602486 1297002
22669036 1230849
22781933 1118745
22930167 971589
22949541 952272
23100931 801831
23150327 752551
23236955 666668
23288096 615950
23352961 551306
23400116 504594
23480605 424503
23536253 369111
23599152 306606
23609885 295818
23659173 246858
23694412 211831
23733246 173068
23761191 145361
23775506 131110
23817628 89194
23841982 64923
23852452 54506
23866100 40932
23883391 23717
23886893 20243
23893244 13889
23900377 6823
23903898 3313
23906449 775
23907220 0
23907219 0
23907210 0
23907233 0
23907224 0
23907242 0
23907229 0
23907223 0
23907233 0
23907226 0
23907252 0
23907276 0
23907226 0
23907250 0
23907243 0
23907236 0
23907245 0
23907250 0
23907255 0
23907259 0
23907256 0
23907264 0
23907246 0
23907257 0
23907249 0
23907260 0
23907261 0
23907263 0
23907259 0
23907251 0
23907260 0
23907276 0
23907240 0
23907283 0
23907273 0
23907268 0
23907254 0
23907272 0
23907248 0
23907271 0
23907277 0
23907245 0
23907278 0
23907267 0
23907255 0
23907265 0
23907274 0
23907274 0
23907281 0
23907265 0
23907270 0
23907279 0
23907299 0
23907275 0
23907275 0
23907306 0
23907298 0
23907290 0
23907290 0
