35400 33310
35209 33241
35240 33311
35297 33398
34997 33073
35265 33353
35412 33484
35577 33587
35665 33584
35727 33673
35486 33450
35342 33426
35421 33444
35333 33401
35497 33463
34828 32918
31745 30033
28734 27120
26991 25430
24390 23065
22456 21242
21352 20127
19145 17884
17317 16169
15787 14638
14986 13878
13613 12470
12620 11391
11430 10397
10640 9463
9703 8637
8909 7752
8083 7018
7382 6240
6682 5644
6371 5213
5630 4474
5168 4027
4564 3463
4429 3370
3814 2804
3483 2410
3122 2045
2934 1797
2605 1501
2566 1430
2217 1115
2073 964
1879 746
1648 619
1642 565
1437 392
1425 251
1285 230
1332 190
1243 107
1117 73
1111 61
1102 23
993 8
986 4
1014 1
999 0
1019 0
1015 0
1122 0
967 0
990 0
937 0
1097 0
981 0
1000 0
956 0
1023 0
1023 0
890 0
974 0
1015 0
1009 0
971 0
942 0
889 0
1078 0
910 0
1016 0
848 0
959 0
957 0
945 0
1044 0
1021 0
939 0
873 0
874 0
946 0
944 0
955 0
936 0
952 0
973 0
897 0
1029 0
893 0
1040 0
1005 0
935 0
908 0
791 0
842 0
825 0
917 0
833 0
1003 0
861 0
858 0
915 0
899 0
1025 0
941 0
907 0
825 0
857 0
867 0
829 0
810 0
869 0
875 0
809 0
924 0
805 0
846 0
881 0
791 0
852 0
785 0
871 0
829 0
837 0
761 0
796 0
791 0
792 0
802 0
797 0
780 0
812 0
799 0
825 0
769 0
747 0
817 0
744 0
798 0
736 0
722 0
757 0
769 0
790 0
731 0
781 0
748 0
779 0
789 0
824 0
776 0
771 0
792 0
729 0
810 0
759 0
717 0
809 0
736 0
809 0
737 0
701 0
739 0
766 0
761 0
691 0
723 0
760 0
668 0
732 0
716 0
684 0
740 0
668 0
689 0
709 0
711 0
694 0
649 0
646 0
707 0
700 0
703 0
654 0
639 0
631 0
654 0
663 0
682 0
632 0
624 0
651 0
631 0
652 0
637 0
669 0
635 0
642 0
638 0
615 0
636 0
603 0
609 0
622 0
659 0
634 0
638 0
637 0
639 0
632 0
636 0
641 0
626 0
621 0
622 0
581 0
620 0
599 0
631 0
611 0
604 0
617 0
603 0
636 0
599 0
590 0
603 0
583 0
595 0
587 0
594 0
590 0
580 0
583 0
587 0
598 0
580 0
575 0
572 0
588 0
569 0
570 0
587 0
583 0
551 0
575 0
565 0
562 0
562 0
577 0
555 0
573 0
595 0
576 0
555 0
572 0
561 0
581 0
573 0
550 0
557 0
569 0
552 0
550 0
568 0
559 0
554 0
557 0
565 0
566 0
552 0
543 0
551 0
560 0
550 0
541 0
536 0
544 0
548 0
550 0
549 0
534 0
548 0
541 0
531 0
548 0
534 0
548 0
524 0
539 0
533 0
539 0
519 0
537 0
536 0
506 0
527 0
529 0
536 0
512 0
517 0
520 0
533 0
522 0
514 0
522 0
535 0
500 0
504 0
533 0
519 0
505 0
518 0
509 0
517 0
515 0
506 0
516 0
518 0
510 0
518 0
514 0
514 0
510 0
512 0
500 0
499 0
497 0
517 0
506 0
511 0
500 0
492 0
499 0
497 0
503 0
505 0
501 0
495 0
500 0
502 0
499 0
507 0
498 0
491 0
496 0
499 0
496 0
489 0
487 0
480 0
492 0
503 0
500 0
486 0
488 0
496 0
485 0
488 0
482 0
500 0
469 0
488 0
484 0
488 0
479 0
485 0
481 0
481 0
496 0
484 0
492 0
492 0
478 0
481 0
478 0
484 0
477 0
467 0
474 0
476 0
481 0
470 0
484 0
467 0
466 0
478 0
473 0
461 0
470 0
463 0
476 0
467 0
459 0
473 0
461 0
460 0
466 0
453 0
472 0
464 0
478 0
466 0
455 0
458 0
460 0
458 0
464 0
468 0
449 0
459 0
455 0
460 0
447 0
466 0
460 0
462 0
455 0
453 0
455 0
451 0
448 0
448 0
455 0
450 0
452 0
444 0
458 0
454 0
451 0
445 0
445 0
450 0
438 0
443 0
440 0
450 0
452 0
446 0
446 0
433 0
441 0
446 0
444 0
454 0
437 0
444 0
434 0
443 0
442 0
441 0
441 0
444 0
438 0
442 0
439 0
